sample_id	metadata_blank	x	mean	ciL	ciU	type
S044_SZ20250508032WHB-2_gdna_genome_2537265_amp	.	0.0	0.0	0.0	0.0	0
S044_SZ20250508032WHB-2_gdna_genome_2537265_amp	.	288409.0	6895.0	6806.8	6983.2	0
S044_SZ20250508032WHB-2_gdna_genome_2537265_amp	.	576818.0	8317.0	8232.72	8401.28	0
S044_SZ20250508032WHB-2_gdna_genome_2537265_amp	.	865227.0	9193.0	9112.64	9273.36	0
S044_SZ20250508032WHB-2_gdna_genome_2537265_amp	.	1153636.0	9798.0	9721.56	9874.44	0
S044_SZ20250508032WHB-2_gdna_genome_2537265_amp	.	1442046.0	10246.0	10171.52	10320.48	0
S044_SZ20250508032WHB-2_gdna_genome_2537265_amp	.	1730455.0	10595.0	10524.44	10665.56	0
S044_SZ20250508032WHB-2_gdna_genome_2537265_amp	.	2018864.0	10877.0	10808.4	10945.6	0
S044_SZ20250508032WHB-2_gdna_genome_2537265_amp	.	2307273.0	11111.0	11046.32	11175.68	0
S044_SZ20250508032WHB-2_gdna_genome_2537265_amp	.	2595683.0	11311.0	11248.28	11373.72	0
S044_SZ20250508032WHB-2_gdna_genome_2537265_amp	.	2884092.0	11485.0	11424.24	11545.76	0
S044_SZ20250508032WHB-2_gdna_genome_2537265_amp	.	3172501.0	11639.0	11582.16	11695.84	0
S044_SZ20250508032WHB-2_gdna_genome_2537265_amp	.	3460910.0	11777.0	11722.12	11831.88	0
S044_SZ20250508032WHB-2_gdna_genome_2537265_amp	.	3749319.0	11902.0	11849.08	11954.92	0
S044_SZ20250508032WHB-2_gdna_genome_2537265_amp	.	4037729.0	12017.0	11966.04	12067.96	0
S044_SZ20250508032WHB-2_gdna_genome_2537265_amp	.	4326138.0	12122.0	12073.0	12171.0	0
S044_SZ20250508032WHB-2_gdna_genome_2537265_amp	.	4614547.0	12219.0	12171.96	12266.04	0
S044_SZ20250508032WHB-2_gdna_genome_2537265_amp	.	4902956.0	12310.0	12264.92	12355.08	0
S044_SZ20250508032WHB-2_gdna_genome_2537265_amp	.	5191366.0	12395.0	12351.88	12438.12	0
S044_SZ20250508032WHB-2_gdna_genome_2537265_amp	.	5479775.0	12475.0	12433.84	12516.16	0
S044_SZ20250508032WHB-2_gdna_genome_2537265_amp	.	5768184.0	12550.0	12510.8	12589.2	0
S044_SZ20250508032WHB-2_gdna_genome_2537265_amp	.	6056593.0	12621.0	12583.76	12658.24	0
S044_SZ20250508032WHB-2_gdna_genome_2537265_amp	.	6345003.0	12688.0	12652.72	12723.28	0
S044_SZ20250508032WHB-2_gdna_genome_2537265_amp	.	6633412.0	12752.0	12718.68	12785.32	0
S044_SZ20250508032WHB-2_gdna_genome_2537265_amp	.	6921821.0	12813.0	12781.64	12844.36	0
S044_SZ20250508032WHB-2_gdna_genome_2537265_amp	.	7210230.0	12870.0	12840.6	12899.4	0
S044_SZ20250508032WHB-2_gdna_genome_2537265_amp	.	7498639.0	12925.0	12895.6	12954.4	0
S044_SZ20250508032WHB-2_gdna_genome_2537265_amp	.	7787049.0	12977.0	12949.56	13004.44	0
S044_SZ20250508032WHB-2_gdna_genome_2537265_amp	.	8075458.0	13026.0	13000.52	13051.48	0
S044_SZ20250508032WHB-2_gdna_genome_2537265_amp	.	8363867.0	13074.0	13050.48	13097.52	0
S044_SZ20250508032WHB-2_gdna_genome_2537265_amp	.	8652276.0	13119.0	13095.48	13142.52	0
S044_SZ20250508032WHB-2_gdna_genome_2537265_amp	.	8940686.0	13162.0	13140.44	13183.56	0
S044_SZ20250508032WHB-2_gdna_genome_2537265_amp	.	9229095.0	13203.0	13183.4	13222.6	0
S044_SZ20250508032WHB-2_gdna_genome_2537265_amp	.	9517504.0	13243.0	13223.4	13262.6	0
S044_SZ20250508032WHB-2_gdna_genome_2537265_amp	.	9805913.0	13280.0	13262.36	13297.64	0
S044_SZ20250508032WHB-2_gdna_genome_2537265_amp	.	1.0094323E7	13316.0	13300.32	13331.68	0
S044_SZ20250508032WHB-2_gdna_genome_2537265_amp	.	1.0382732E7	13350.0	13334.32	13365.68	0
S044_SZ20250508032WHB-2_gdna_genome_2537265_amp	.	1.0671141E7	13382.0	13368.28	13395.72	0
S044_SZ20250508032WHB-2_gdna_genome_2537265_amp	.	1.095955E7	13413.0	13399.28	13426.72	0
S044_SZ20250508032WHB-2_gdna_genome_2537265_amp	.	1.1247959E7	13443.0	13431.24	13454.76	0
S044_SZ20250508032WHB-2_gdna_genome_2537265_amp	.	1.1536369E7	13471.0	13459.24	13482.76	0
S044_SZ20250508032WHB-2_gdna_genome_2537265_amp	.	1.1824778E7	13498.0	13488.2	13507.8	0
S044_SZ20250508032WHB-2_gdna_genome_2537265_amp	.	1.2113187E7	13523.0	13513.2	13532.8	0
S044_SZ20250508032WHB-2_gdna_genome_2537265_amp	.	1.2401596E7	13547.0	13539.16	13554.84	0
S044_SZ20250508032WHB-2_gdna_genome_2537265_amp	.	1.2690006E7	13570.0	13562.16	13577.84	0
S044_SZ20250508032WHB-2_gdna_genome_2537265_amp	.	1.2978415E7	13591.0	13583.16	13598.84	0
S044_SZ20250508032WHB-2_gdna_genome_2537265_amp	.	1.3266824E7	13611.0	13605.12	13616.88	0
S044_SZ20250508032WHB-2_gdna_genome_2537265_amp	.	1.3555233E7	13630.0	13624.12	13635.88	0
S044_SZ20250508032WHB-2_gdna_genome_2537265_amp	.	1.3843643E7	13648.0	13642.12	13653.88	0
S044_SZ20250508032WHB-2_gdna_genome_2537265_amp	.	1.4132052E7	13665.0	13661.08	13668.92	0
S044_SZ20250508032WHB-2_gdna_genome_2537265_amp	.	1.4420461E7	13681.0	13677.08	13684.92	0
S044_SZ20250508032WHB-2_gdna_genome_2537265_amp	.	1.470887E7	13696.0	13692.08	13699.92	0
S044_SZ20250508032WHB-2_gdna_genome_2537265_amp	.	1.4997279E7	13709.0	13707.04	13710.96	0
S044_SZ20250508032WHB-2_gdna_genome_2537265_amp	.	1.5285689E7	13722.0	13720.04	13723.96	0
S044_SZ20250508032WHB-2_gdna_genome_2537265_amp	.	1.5574098E7	13733.0	13731.04	13734.96	0
S044_SZ20250508032WHB-2_gdna_genome_2537265_amp	.	1.5862507E7	13744.0	13742.04	13745.96	0
S044_SZ20250508032WHB-2_gdna_genome_2537265_amp	.	1.6150916E7	13753.0	13753.0	13753.0	0
S044_SZ20250508032WHB-2_gdna_genome_2537265_amp	.	1.6439326E7	13762.0	13762.0	13762.0	0
S044_SZ20250508032WHB-2_gdna_genome_2537265_amp	.	1.6727735E7	13770.0	13770.0	13770.0	0
S044_SZ20250508032WHB-2_gdna_genome_2537265_amp	.	1.7016144E7	13777.0	13777.0	13777.0	0
S044_SZ20250508032WHB-2_gdna_genome_2537265_amp	.	1.7304553E7	13782.0	13782.0	13782.0	0
S044_SZ20250508032WHB-2_gdna_genome_2537265_amp	.	1.7592963E7	13787.0	13787.0	13787.0	0
S044_SZ20250508032WHB-2_gdna_genome_2537265_amp	.	1.7881372E7	13791.0	13791.0	13791.0	0
S044_SZ20250508032WHB-2_gdna_genome_2537265_amp	.	1.8169781E7	13795.0	13795.0	13795.0	0
S044_SZ20250508032WHB-2_gdna_genome_2537265_amp	.	1.845819E7	13797.0	13797.0	13797.0	0
S044_SZ20250508032WHB-2_gdna_genome_2537265_amp	.	1.8746599E7	13799.0	13799.0	13799.0	0
S044_SZ20250508032WHB-2_gdna_genome_2537265_amp	.	1.9035009E7	13799.0	13799.0	13799.0	0
S044_SZ20250508032WHB-2_gdna_genome_2537265_amp	.	1.915319E7	13800.0	13800.0	13800.0	1
S044_SZ20250508032WHB-2_gdna_genome_2537265_amp	.	1.9323418E7	0.0	0.0	0.0	2
S044_SZ20250508032WHB-2_gdna_genome_2537265_amp	.	1.9611827E7	0.0	0.0	0.0	2
S044_SZ20250508032WHB-2_gdna_genome_2537265_amp	.	1.9900236E7	0.0	0.0	0.0	2
S044_SZ20250508032WHB-2_gdna_genome_2537265_amp	.	2.0188646E7	0.0	0.0	0.0	2
S044_SZ20250508032WHB-2_gdna_genome_2537265_amp	.	2.0477055E7	0.0	0.0	0.0	2
S044_SZ20250508032WHB-2_gdna_genome_2537265_amp	.	2.0765464E7	0.0	0.0	0.0	2
S044_SZ20250508032WHB-2_gdna_genome_2537265_amp	.	2.1053873E7	0.0	0.0	0.0	2
S044_SZ20250508032WHB-2_gdna_genome_2537265_amp	.	2.1342283E7	0.0	0.0	0.0	2
S044_SZ20250508032WHB-2_gdna_genome_2537265_amp	.	2.1630692E7	0.0	0.0	0.0	2
S044_SZ20250508032WHB-2_gdna_genome_2537265_amp	.	2.1919101E7	0.0	0.0	0.0	2
S044_SZ20250508032WHB-2_gdna_genome_2537265_amp	.	2.220751E7	0.0	0.0	0.0	2
S044_SZ20250508032WHB-2_gdna_genome_2537265_amp	.	2.2495919E7	0.0	0.0	0.0	2
S044_SZ20250508032WHB-2_gdna_genome_2537265_amp	.	2.2784329E7	0.0	0.0	0.0	2
S044_SZ20250508032WHB-2_gdna_genome_2537265_amp	.	2.3072738E7	0.0	0.0	0.0	2
S044_SZ20250508032WHB-2_gdna_genome_2537265_amp	.	2.3361147E7	0.0	0.0	0.0	2
S044_SZ20250508032WHB-2_gdna_genome_2537265_amp	.	2.3649556E7	0.0	0.0	0.0	2
S044_SZ20250508032WHB-2_gdna_genome_2537265_amp	.	2.3937966E7	0.0	0.0	0.0	2
S044_SZ20250508032WHB-2_gdna_genome_2537265_amp	.	2.4226375E7	0.0	0.0	0.0	2
S044_SZ20250508032WHB-2_gdna_genome_2537265_amp	.	2.4514784E7	0.0	0.0	0.0	2
S044_SZ20250508032WHB-2_gdna_genome_2537265_amp	.	2.4803193E7	0.0	0.0	0.0	2
S044_SZ20250508032WHB-2_gdna_genome_2537265_amp	.	2.5091603E7	0.0	0.0	0.0	2
S044_SZ20250508032WHB-2_gdna_genome_2537265_amp	.	2.5380012E7	0.0	0.0	0.0	2
S044_SZ20250508032WHB-2_gdna_genome_2537265_amp	.	2.5668421E7	0.0	0.0	0.0	2
S044_SZ20250508032WHB-2_gdna_genome_2537265_amp	.	2.595683E7	0.0	0.0	0.0	2
S044_SZ20250508032WHB-2_gdna_genome_2537265_amp	.	2.6245239E7	0.0	0.0	0.0	2
S044_SZ20250508032WHB-2_gdna_genome_2537265_amp	.	2.6533649E7	0.0	0.0	0.0	2
S044_SZ20250508032WHB-2_gdna_genome_2537265_amp	.	2.6822058E7	0.0	0.0	0.0	2
S044_SZ20250508032WHB-2_gdna_genome_2537265_amp	.	2.7110467E7	0.0	0.0	0.0	2
S044_SZ20250508032WHB-2_gdna_genome_2537265_amp	.	2.7398876E7	0.0	0.0	0.0	2
S044_SZ20250508032WHB-2_gdna_genome_2537265_amp	.	2.7687286E7	0.0	0.0	0.0	2
S044_SZ20250508032WHB-2_gdna_genome_2537265_amp	.	2.7975695E7	0.0	0.0	0.0	2
S044_SZ20250508032WHB-2_gdna_genome_2537265_amp	.	2.8264104E7	0.0	0.0	0.0	2
S044_SZ20250508032WHB-2_gdna_genome_2537265_amp	.	2.8552513E7	0.0	0.0	0.0	2
S044_SZ20250508032WHB-2_gdna_genome_2537265_amp	.	2.8840923E7	0.0	0.0	0.0	2
S044_SZ20250508032WHB-2_gdna_genome_2537265_rna	.	0.0	0.0	0.0	0.0	0
S044_SZ20250508032WHB-2_gdna_genome_2537265_rna	.	288409.0	6890.0	6801.8	6978.2	0
S044_SZ20250508032WHB-2_gdna_genome_2537265_rna	.	576818.0	8310.0	8225.72	8394.28	0
S044_SZ20250508032WHB-2_gdna_genome_2537265_rna	.	865227.0	9183.0	9102.64	9263.36	0
S044_SZ20250508032WHB-2_gdna_genome_2537265_rna	.	1153636.0	9788.0	9711.56	9864.44	0
S044_SZ20250508032WHB-2_gdna_genome_2537265_rna	.	1442046.0	10235.0	10160.52	10309.48	0
S044_SZ20250508032WHB-2_gdna_genome_2537265_rna	.	1730455.0	10583.0	10512.44	10653.56	0
S044_SZ20250508032WHB-2_gdna_genome_2537265_rna	.	2018864.0	10864.0	10795.4	10932.6	0
S044_SZ20250508032WHB-2_gdna_genome_2537265_rna	.	2307273.0	11099.0	11034.32	11163.68	0
S044_SZ20250508032WHB-2_gdna_genome_2537265_rna	.	2595683.0	11298.0	11235.28	11360.72	0
S044_SZ20250508032WHB-2_gdna_genome_2537265_rna	.	2884092.0	11472.0	11411.24	11532.76	0
S044_SZ20250508032WHB-2_gdna_genome_2537265_rna	.	3172501.0	11626.0	11567.2	11684.8	0
S044_SZ20250508032WHB-2_gdna_genome_2537265_rna	.	3460910.0	11764.0	11709.12	11818.88	0
S044_SZ20250508032WHB-2_gdna_genome_2537265_rna	.	3749319.0	11889.0	11836.08	11941.92	0
S044_SZ20250508032WHB-2_gdna_genome_2537265_rna	.	4037729.0	12004.0	11953.04	12054.96	0
S044_SZ20250508032WHB-2_gdna_genome_2537265_rna	.	4326138.0	12109.0	12060.0	12158.0	0
S044_SZ20250508032WHB-2_gdna_genome_2537265_rna	.	4614547.0	12207.0	12159.96	12254.04	0
S044_SZ20250508032WHB-2_gdna_genome_2537265_rna	.	4902956.0	12298.0	12252.92	12343.08	0
S044_SZ20250508032WHB-2_gdna_genome_2537265_rna	.	5191366.0	12383.0	12339.88	12426.12	0
S044_SZ20250508032WHB-2_gdna_genome_2537265_rna	.	5479775.0	12463.0	12421.84	12504.16	0
S044_SZ20250508032WHB-2_gdna_genome_2537265_rna	.	5768184.0	12538.0	12498.8	12577.2	0
S044_SZ20250508032WHB-2_gdna_genome_2537265_rna	.	6056593.0	12609.0	12571.76	12646.24	0
S044_SZ20250508032WHB-2_gdna_genome_2537265_rna	.	6345003.0	12677.0	12641.72	12712.28	0
S044_SZ20250508032WHB-2_gdna_genome_2537265_rna	.	6633412.0	12740.0	12706.68	12773.32	0
S044_SZ20250508032WHB-2_gdna_genome_2537265_rna	.	6921821.0	12801.0	12769.64	12832.36	0
S044_SZ20250508032WHB-2_gdna_genome_2537265_rna	.	7210230.0	12859.0	12829.6	12888.4	0
S044_SZ20250508032WHB-2_gdna_genome_2537265_rna	.	7498639.0	12914.0	12884.6	12943.4	0
S044_SZ20250508032WHB-2_gdna_genome_2537265_rna	.	7787049.0	12966.0	12938.56	12993.44	0
S044_SZ20250508032WHB-2_gdna_genome_2537265_rna	.	8075458.0	13016.0	12990.52	13041.48	0
S044_SZ20250508032WHB-2_gdna_genome_2537265_rna	.	8363867.0	13063.0	13039.48	13086.52	0
S044_SZ20250508032WHB-2_gdna_genome_2537265_rna	.	8652276.0	13109.0	13085.48	13132.52	0
S044_SZ20250508032WHB-2_gdna_genome_2537265_rna	.	8940686.0	13152.0	13130.44	13173.56	0
S044_SZ20250508032WHB-2_gdna_genome_2537265_rna	.	9229095.0	13193.0	13173.4	13212.6	0
S044_SZ20250508032WHB-2_gdna_genome_2537265_rna	.	9517504.0	13233.0	13213.4	13252.6	0
S044_SZ20250508032WHB-2_gdna_genome_2537265_rna	.	9805913.0	13271.0	13253.36	13288.64	0
S044_SZ20250508032WHB-2_gdna_genome_2537265_rna	.	1.0094323E7	13307.0	13291.32	13322.68	0
S044_SZ20250508032WHB-2_gdna_genome_2537265_rna	.	1.0382732E7	13341.0	13325.32	13356.68	0
S044_SZ20250508032WHB-2_gdna_genome_2537265_rna	.	1.0671141E7	13373.0	13359.28	13386.72	0
S044_SZ20250508032WHB-2_gdna_genome_2537265_rna	.	1.095955E7	13405.0	13391.28	13418.72	0
S044_SZ20250508032WHB-2_gdna_genome_2537265_rna	.	1.1247959E7	13434.0	13422.24	13445.76	0
S044_SZ20250508032WHB-2_gdna_genome_2537265_rna	.	1.1536369E7	13462.0	13450.24	13473.76	0
S044_SZ20250508032WHB-2_gdna_genome_2537265_rna	.	1.1824778E7	13489.0	13479.2	13498.8	0
S044_SZ20250508032WHB-2_gdna_genome_2537265_rna	.	1.2113187E7	13515.0	13505.2	13524.8	0
S044_SZ20250508032WHB-2_gdna_genome_2537265_rna	.	1.2401596E7	13539.0	13531.16	13546.84	0
S044_SZ20250508032WHB-2_gdna_genome_2537265_rna	.	1.2690006E7	13562.0	13554.16	13569.84	0
S044_SZ20250508032WHB-2_gdna_genome_2537265_rna	.	1.2978415E7	13583.0	13575.16	13590.84	0
S044_SZ20250508032WHB-2_gdna_genome_2537265_rna	.	1.3266824E7	13604.0	13598.12	13609.88	0
S044_SZ20250508032WHB-2_gdna_genome_2537265_rna	.	1.3555233E7	13623.0	13617.12	13628.88	0
S044_SZ20250508032WHB-2_gdna_genome_2537265_rna	.	1.3843643E7	13641.0	13635.12	13646.88	0
S044_SZ20250508032WHB-2_gdna_genome_2537265_rna	.	1.4132052E7	13658.0	13654.08	13661.92	0
S044_SZ20250508032WHB-2_gdna_genome_2537265_rna	.	1.4420461E7	13674.0	13670.08	13677.92	0
S044_SZ20250508032WHB-2_gdna_genome_2537265_rna	.	1.470887E7	13688.0	13684.08	13691.92	0
S044_SZ20250508032WHB-2_gdna_genome_2537265_rna	.	1.4997279E7	13702.0	13700.04	13703.96	0
S044_SZ20250508032WHB-2_gdna_genome_2537265_rna	.	1.5285689E7	13715.0	13713.04	13716.96	0
S044_SZ20250508032WHB-2_gdna_genome_2537265_rna	.	1.5574098E7	13726.0	13724.04	13727.96	0
S044_SZ20250508032WHB-2_gdna_genome_2537265_rna	.	1.5862507E7	13737.0	13735.04	13738.96	0
S044_SZ20250508032WHB-2_gdna_genome_2537265_rna	.	1.6150916E7	13746.0	13746.0	13746.0	0
S044_SZ20250508032WHB-2_gdna_genome_2537265_rna	.	1.6439326E7	13755.0	13755.0	13755.0	0
S044_SZ20250508032WHB-2_gdna_genome_2537265_rna	.	1.6727735E7	13763.0	13763.0	13763.0	0
S044_SZ20250508032WHB-2_gdna_genome_2537265_rna	.	1.7016144E7	13770.0	13770.0	13770.0	0
S044_SZ20250508032WHB-2_gdna_genome_2537265_rna	.	1.7304553E7	13775.0	13775.0	13775.0	0
S044_SZ20250508032WHB-2_gdna_genome_2537265_rna	.	1.7592963E7	13780.0	13780.0	13780.0	0
S044_SZ20250508032WHB-2_gdna_genome_2537265_rna	.	1.7881372E7	13785.0	13785.0	13785.0	0
S044_SZ20250508032WHB-2_gdna_genome_2537265_rna	.	1.8169781E7	13788.0	13788.0	13788.0	0
S044_SZ20250508032WHB-2_gdna_genome_2537265_rna	.	1.845819E7	13790.0	13790.0	13790.0	0
S044_SZ20250508032WHB-2_gdna_genome_2537265_rna	.	1.8746599E7	13792.0	13792.0	13792.0	0
S044_SZ20250508032WHB-2_gdna_genome_2537265_rna	.	1.9035009E7	13792.0	13792.0	13792.0	0
S044_SZ20250508032WHB-2_gdna_genome_2537265_rna	.	1.914125E7	13793.0	13793.0	13793.0	1
S044_SZ20250508032WHB-2_gdna_genome_2537265_rna	.	1.9323418E7	0.0	0.0	0.0	2
S044_SZ20250508032WHB-2_gdna_genome_2537265_rna	.	1.9611827E7	0.0	0.0	0.0	2
S044_SZ20250508032WHB-2_gdna_genome_2537265_rna	.	1.9900236E7	0.0	0.0	0.0	2
S044_SZ20250508032WHB-2_gdna_genome_2537265_rna	.	2.0188646E7	0.0	0.0	0.0	2
S044_SZ20250508032WHB-2_gdna_genome_2537265_rna	.	2.0477055E7	0.0	0.0	0.0	2
S044_SZ20250508032WHB-2_gdna_genome_2537265_rna	.	2.0765464E7	0.0	0.0	0.0	2
S044_SZ20250508032WHB-2_gdna_genome_2537265_rna	.	2.1053873E7	0.0	0.0	0.0	2
S044_SZ20250508032WHB-2_gdna_genome_2537265_rna	.	2.1342283E7	0.0	0.0	0.0	2
S044_SZ20250508032WHB-2_gdna_genome_2537265_rna	.	2.1630692E7	0.0	0.0	0.0	2
S044_SZ20250508032WHB-2_gdna_genome_2537265_rna	.	2.1919101E7	0.0	0.0	0.0	2
S044_SZ20250508032WHB-2_gdna_genome_2537265_rna	.	2.220751E7	0.0	0.0	0.0	2
S044_SZ20250508032WHB-2_gdna_genome_2537265_rna	.	2.2495919E7	0.0	0.0	0.0	2
S044_SZ20250508032WHB-2_gdna_genome_2537265_rna	.	2.2784329E7	0.0	0.0	0.0	2
S044_SZ20250508032WHB-2_gdna_genome_2537265_rna	.	2.3072738E7	0.0	0.0	0.0	2
S044_SZ20250508032WHB-2_gdna_genome_2537265_rna	.	2.3361147E7	0.0	0.0	0.0	2
S044_SZ20250508032WHB-2_gdna_genome_2537265_rna	.	2.3649556E7	0.0	0.0	0.0	2
S044_SZ20250508032WHB-2_gdna_genome_2537265_rna	.	2.3937966E7	0.0	0.0	0.0	2
S044_SZ20250508032WHB-2_gdna_genome_2537265_rna	.	2.4226375E7	0.0	0.0	0.0	2
S044_SZ20250508032WHB-2_gdna_genome_2537265_rna	.	2.4514784E7	0.0	0.0	0.0	2
S044_SZ20250508032WHB-2_gdna_genome_2537265_rna	.	2.4803193E7	0.0	0.0	0.0	2
S044_SZ20250508032WHB-2_gdna_genome_2537265_rna	.	2.5091603E7	0.0	0.0	0.0	2
S044_SZ20250508032WHB-2_gdna_genome_2537265_rna	.	2.5380012E7	0.0	0.0	0.0	2
S044_SZ20250508032WHB-2_gdna_genome_2537265_rna	.	2.5668421E7	0.0	0.0	0.0	2
S044_SZ20250508032WHB-2_gdna_genome_2537265_rna	.	2.595683E7	0.0	0.0	0.0	2
S044_SZ20250508032WHB-2_gdna_genome_2537265_rna	.	2.6245239E7	0.0	0.0	0.0	2
S044_SZ20250508032WHB-2_gdna_genome_2537265_rna	.	2.6533649E7	0.0	0.0	0.0	2
S044_SZ20250508032WHB-2_gdna_genome_2537265_rna	.	2.6822058E7	0.0	0.0	0.0	2
S044_SZ20250508032WHB-2_gdna_genome_2537265_rna	.	2.7110467E7	0.0	0.0	0.0	2
S044_SZ20250508032WHB-2_gdna_genome_2537265_rna	.	2.7398876E7	0.0	0.0	0.0	2
S044_SZ20250508032WHB-2_gdna_genome_2537265_rna	.	2.7687286E7	0.0	0.0	0.0	2
S044_SZ20250508032WHB-2_gdna_genome_2537265_rna	.	2.7975695E7	0.0	0.0	0.0	2
S044_SZ20250508032WHB-2_gdna_genome_2537265_rna	.	2.8264104E7	0.0	0.0	0.0	2
S044_SZ20250508032WHB-2_gdna_genome_2537265_rna	.	2.8552513E7	0.0	0.0	0.0	2
S044_SZ20250508032WHB-2_gdna_genome_2537265_rna	.	2.8840923E7	0.0	0.0	0.0	2
S045_SZ20250522049WHB-1_gdna_genome_2537266_amp	.	0.0	0.0	0.0	0.0	0
S045_SZ20250522049WHB-1_gdna_genome_2537266_amp	.	288409.0	14605.0	14452.12	14757.88	0
S045_SZ20250522049WHB-1_gdna_genome_2537266_amp	.	576818.0	17592.0	17441.08	17742.92	0
S045_SZ20250522049WHB-1_gdna_genome_2537266_amp	.	865227.0	19738.0	19591.0	19885.0	0
S045_SZ20250522049WHB-1_gdna_genome_2537266_amp	.	1153636.0	21419.0	21273.96	21564.04	0
S045_SZ20250522049WHB-1_gdna_genome_2537266_amp	.	1442046.0	22792.0	22648.92	22935.08	0
S045_SZ20250522049WHB-1_gdna_genome_2537266_amp	.	1730455.0	23944.0	23804.84	24083.16	0
S045_SZ20250522049WHB-1_gdna_genome_2537266_amp	.	2018864.0	24930.0	24792.8	25067.2	0
S045_SZ20250522049WHB-1_gdna_genome_2537266_amp	.	2307273.0	25788.0	25652.76	25923.24	0
S045_SZ20250522049WHB-1_gdna_genome_2537266_amp	.	2595683.0	26544.0	26412.68	26675.32	0
S045_SZ20250522049WHB-1_gdna_genome_2537266_amp	.	2884092.0	27217.0	27087.64	27346.36	0
S045_SZ20250522049WHB-1_gdna_genome_2537266_amp	.	3172501.0	27824.0	27698.56	27949.44	0
S045_SZ20250522049WHB-1_gdna_genome_2537266_amp	.	3460910.0	28374.0	28250.52	28497.48	0
S045_SZ20250522049WHB-1_gdna_genome_2537266_amp	.	3749319.0	28878.0	28758.44	28997.56	0
S045_SZ20250522049WHB-1_gdna_genome_2537266_amp	.	4037729.0	29342.0	29224.4	29459.6	0
S045_SZ20250522049WHB-1_gdna_genome_2537266_amp	.	4326138.0	29772.0	29656.36	29887.64	0
S045_SZ20250522049WHB-1_gdna_genome_2537266_amp	.	4614547.0	30173.0	30061.28	30284.72	0
S045_SZ20250522049WHB-1_gdna_genome_2537266_amp	.	4902956.0	30548.0	30438.24	30657.76	0
S045_SZ20250522049WHB-1_gdna_genome_2537266_amp	.	5191366.0	30901.0	30795.16	31006.84	0
S045_SZ20250522049WHB-1_gdna_genome_2537266_amp	.	5479775.0	31233.0	31129.12	31336.88	0
S045_SZ20250522049WHB-1_gdna_genome_2537266_amp	.	5768184.0	31548.0	31446.08	31649.92	0
S045_SZ20250522049WHB-1_gdna_genome_2537266_amp	.	6056593.0	31847.0	31749.0	31945.0	0
S045_SZ20250522049WHB-1_gdna_genome_2537266_amp	.	6345003.0	32132.0	32035.96	32228.04	0
S045_SZ20250522049WHB-1_gdna_genome_2537266_amp	.	6633412.0	32404.0	32309.92	32498.08	0
S045_SZ20250522049WHB-1_gdna_genome_2537266_amp	.	6921821.0	32664.0	32573.84	32754.16	0
S045_SZ20250522049WHB-1_gdna_genome_2537266_amp	.	7210230.0	32913.0	32824.8	33001.2	0
S045_SZ20250522049WHB-1_gdna_genome_2537266_amp	.	7498639.0	33152.0	33065.76	33238.24	0
S045_SZ20250522049WHB-1_gdna_genome_2537266_amp	.	7787049.0	33381.0	33298.68	33463.32	0
S045_SZ20250522049WHB-1_gdna_genome_2537266_amp	.	8075458.0	33602.0	33521.64	33682.36	0
S045_SZ20250522049WHB-1_gdna_genome_2537266_amp	.	8363867.0	33815.0	33736.6	33893.4	0
S045_SZ20250522049WHB-1_gdna_genome_2537266_amp	.	8652276.0	34020.0	33943.56	34096.44	0
S045_SZ20250522049WHB-1_gdna_genome_2537266_amp	.	8940686.0	34218.0	34143.52	34292.48	0
S045_SZ20250522049WHB-1_gdna_genome_2537266_amp	.	9229095.0	34410.0	34337.48	34482.52	0
S045_SZ20250522049WHB-1_gdna_genome_2537266_amp	.	9517504.0	34595.0	34526.4	34663.6	0
S045_SZ20250522049WHB-1_gdna_genome_2537266_amp	.	9805913.0	34774.0	34707.36	34840.64	0
S045_SZ20250522049WHB-1_gdna_genome_2537266_amp	.	1.0094323E7	34947.0	34882.32	35011.68	0
S045_SZ20250522049WHB-1_gdna_genome_2537266_amp	.	1.0382732E7	35115.0	35052.28	35177.72	0
S045_SZ20250522049WHB-1_gdna_genome_2537266_amp	.	1.0671141E7	35278.0	35217.24	35338.76	0
S045_SZ20250522049WHB-1_gdna_genome_2537266_amp	.	1.095955E7	35435.0	35376.2	35493.8	0
S045_SZ20250522049WHB-1_gdna_genome_2537266_amp	.	1.1247959E7	35588.0	35531.16	35644.84	0
S045_SZ20250522049WHB-1_gdna_genome_2537266_amp	.	1.1536369E7	35737.0	35682.12	35791.88	0
S045_SZ20250522049WHB-1_gdna_genome_2537266_amp	.	1.1824778E7	35881.0	35828.08	35933.92	0
S045_SZ20250522049WHB-1_gdna_genome_2537266_amp	.	1.2113187E7	36020.0	35969.04	36070.96	0
S045_SZ20250522049WHB-1_gdna_genome_2537266_amp	.	1.2401596E7	36156.0	36107.0	36205.0	0
S045_SZ20250522049WHB-1_gdna_genome_2537266_amp	.	1.2690006E7	36287.0	36239.96	36334.04	0
S045_SZ20250522049WHB-1_gdna_genome_2537266_amp	.	1.2978415E7	36415.0	36369.92	36460.08	0
S045_SZ20250522049WHB-1_gdna_genome_2537266_amp	.	1.3266824E7	36539.0	36493.92	36584.08	0
S045_SZ20250522049WHB-1_gdna_genome_2537266_amp	.	1.3555233E7	36659.0	36615.88	36702.12	0
S045_SZ20250522049WHB-1_gdna_genome_2537266_amp	.	1.3843643E7	36776.0	36734.84	36817.16	0
S045_SZ20250522049WHB-1_gdna_genome_2537266_amp	.	1.4132052E7	36889.0	36849.8	36928.2	0
S045_SZ20250522049WHB-1_gdna_genome_2537266_amp	.	1.4420461E7	36999.0	36961.76	37036.24	0
S045_SZ20250522049WHB-1_gdna_genome_2537266_amp	.	1.470887E7	37106.0	37070.72	37141.28	0
S045_SZ20250522049WHB-1_gdna_genome_2537266_amp	.	1.4997279E7	37210.0	37174.72	37245.28	0
S045_SZ20250522049WHB-1_gdna_genome_2537266_amp	.	1.5285689E7	37310.0	37276.68	37343.32	0
S045_SZ20250522049WHB-1_gdna_genome_2537266_amp	.	1.5574098E7	37408.0	37376.64	37439.36	0
S045_SZ20250522049WHB-1_gdna_genome_2537266_amp	.	1.5862507E7	37502.0	37472.6	37531.4	0
S045_SZ20250522049WHB-1_gdna_genome_2537266_amp	.	1.6150916E7	37594.0	37564.6	37623.4	0
S045_SZ20250522049WHB-1_gdna_genome_2537266_amp	.	1.6439326E7	37683.0	37655.56	37710.44	0
S045_SZ20250522049WHB-1_gdna_genome_2537266_amp	.	1.6727735E7	37769.0	37743.52	37794.48	0
S045_SZ20250522049WHB-1_gdna_genome_2537266_amp	.	1.7016144E7	37852.0	37826.52	37877.48	0
S045_SZ20250522049WHB-1_gdna_genome_2537266_amp	.	1.7304553E7	37933.0	37909.48	37956.52	0
S045_SZ20250522049WHB-1_gdna_genome_2537266_amp	.	1.7592963E7	38011.0	37989.44	38032.56	0
S045_SZ20250522049WHB-1_gdna_genome_2537266_amp	.	1.7881372E7	38086.0	38064.44	38107.56	0
S045_SZ20250522049WHB-1_gdna_genome_2537266_amp	.	1.8169781E7	38159.0	38139.4	38178.6	0
S045_SZ20250522049WHB-1_gdna_genome_2537266_amp	.	1.845819E7	38230.0	38210.4	38249.6	0
S045_SZ20250522049WHB-1_gdna_genome_2537266_amp	.	1.8746599E7	38298.0	38280.36	38315.64	0
S045_SZ20250522049WHB-1_gdna_genome_2537266_amp	.	1.9035009E7	38364.0	38346.36	38381.64	0
S045_SZ20250522049WHB-1_gdna_genome_2537266_amp	.	1.9323418E7	38427.0	38411.32	38442.68	0
S045_SZ20250522049WHB-1_gdna_genome_2537266_amp	.	1.9611827E7	38488.0	38472.32	38503.68	0
S045_SZ20250522049WHB-1_gdna_genome_2537266_amp	.	1.9900236E7	38547.0	38533.28	38560.72	0
S045_SZ20250522049WHB-1_gdna_genome_2537266_amp	.	2.0188646E7	38604.0	38590.28	38617.72	0
S045_SZ20250522049WHB-1_gdna_genome_2537266_amp	.	2.0477055E7	38658.0	38646.24	38669.76	0
S045_SZ20250522049WHB-1_gdna_genome_2537266_amp	.	2.0765464E7	38710.0	38698.24	38721.76	0
S045_SZ20250522049WHB-1_gdna_genome_2537266_amp	.	2.1053873E7	38760.0	38750.2	38769.8	0
S045_SZ20250522049WHB-1_gdna_genome_2537266_amp	.	2.1342283E7	38808.0	38798.2	38817.8	0
S045_SZ20250522049WHB-1_gdna_genome_2537266_amp	.	2.1630692E7	38854.0	38846.16	38861.84	0
S045_SZ20250522049WHB-1_gdna_genome_2537266_amp	.	2.1919101E7	38898.0	38890.16	38905.84	0
S045_SZ20250522049WHB-1_gdna_genome_2537266_amp	.	2.220751E7	38940.0	38932.16	38947.84	0
S045_SZ20250522049WHB-1_gdna_genome_2537266_amp	.	2.2495919E7	38979.0	38973.12	38984.88	0
S045_SZ20250522049WHB-1_gdna_genome_2537266_amp	.	2.2784329E7	39017.0	39011.12	39022.88	0
S045_SZ20250522049WHB-1_gdna_genome_2537266_amp	.	2.3072738E7	39053.0	39047.12	39058.88	0
S045_SZ20250522049WHB-1_gdna_genome_2537266_amp	.	2.3361147E7	39087.0	39083.08	39090.92	0
S045_SZ20250522049WHB-1_gdna_genome_2537266_amp	.	2.3649556E7	39119.0	39115.08	39122.92	0
S045_SZ20250522049WHB-1_gdna_genome_2537266_amp	.	2.3937966E7	39149.0	39145.08	39152.92	0
S045_SZ20250522049WHB-1_gdna_genome_2537266_amp	.	2.4226375E7	39177.0	39173.08	39180.92	0
S045_SZ20250522049WHB-1_gdna_genome_2537266_amp	.	2.4514784E7	39203.0	39201.04	39204.96	0
S045_SZ20250522049WHB-1_gdna_genome_2537266_amp	.	2.4803193E7	39228.0	39226.04	39229.96	0
S045_SZ20250522049WHB-1_gdna_genome_2537266_amp	.	2.5091603E7	39251.0	39249.04	39252.96	0
S045_SZ20250522049WHB-1_gdna_genome_2537266_amp	.	2.5380012E7	39272.0	39270.04	39273.96	0
S045_SZ20250522049WHB-1_gdna_genome_2537266_amp	.	2.5668421E7	39291.0	39291.0	39291.0	0
S045_SZ20250522049WHB-1_gdna_genome_2537266_amp	.	2.595683E7	39308.0	39308.0	39308.0	0
S045_SZ20250522049WHB-1_gdna_genome_2537266_amp	.	2.6245239E7	39324.0	39324.0	39324.0	0
S045_SZ20250522049WHB-1_gdna_genome_2537266_amp	.	2.6533649E7	39338.0	39338.0	39338.0	0
S045_SZ20250522049WHB-1_gdna_genome_2537266_amp	.	2.6822058E7	39350.0	39350.0	39350.0	0
S045_SZ20250522049WHB-1_gdna_genome_2537266_amp	.	2.7110467E7	39361.0	39361.0	39361.0	0
S045_SZ20250522049WHB-1_gdna_genome_2537266_amp	.	2.7398876E7	39369.0	39369.0	39369.0	0
S045_SZ20250522049WHB-1_gdna_genome_2537266_amp	.	2.7687286E7	39377.0	39377.0	39377.0	0
S045_SZ20250522049WHB-1_gdna_genome_2537266_amp	.	2.7975695E7	39382.0	39382.0	39382.0	0
S045_SZ20250522049WHB-1_gdna_genome_2537266_amp	.	2.8264104E7	39386.0	39386.0	39386.0	0
S045_SZ20250522049WHB-1_gdna_genome_2537266_amp	.	2.8552513E7	39389.0	39389.0	39389.0	0
S045_SZ20250522049WHB-1_gdna_genome_2537266_amp	.	2.8840923E7	39390.0	39390.0	39390.0	1
S045_SZ20250522049WHB-1_gdna_genome_2537266_amp	.	2.8840923E7	39390.0	39390.0	39390.0	2
S045_SZ20250522049WHB-1_gdna_genome_2537266_rna	.	0.0	0.0	0.0	0.0	0
S045_SZ20250522049WHB-1_gdna_genome_2537266_rna	.	288409.0	14597.0	14444.12	14749.88	0
S045_SZ20250522049WHB-1_gdna_genome_2537266_rna	.	576818.0	17578.0	17427.08	17728.92	0
S045_SZ20250522049WHB-1_gdna_genome_2537266_rna	.	865227.0	19719.0	19572.0	19866.0	0
S045_SZ20250522049WHB-1_gdna_genome_2537266_rna	.	1153636.0	21395.0	21249.96	21540.04	0
S045_SZ20250522049WHB-1_gdna_genome_2537266_rna	.	1442046.0	22764.0	22620.92	22907.08	0
S045_SZ20250522049WHB-1_gdna_genome_2537266_rna	.	1730455.0	23912.0	23772.84	24051.16	0
S045_SZ20250522049WHB-1_gdna_genome_2537266_rna	.	2018864.0	24895.0	24757.8	25032.2	0
S045_SZ20250522049WHB-1_gdna_genome_2537266_rna	.	2307273.0	25750.0	25614.76	25885.24	0
S045_SZ20250522049WHB-1_gdna_genome_2537266_rna	.	2595683.0	26503.0	26371.68	26634.32	0
S045_SZ20250522049WHB-1_gdna_genome_2537266_rna	.	2884092.0	27174.0	27044.64	27303.36	0
S045_SZ20250522049WHB-1_gdna_genome_2537266_rna	.	3172501.0	27778.0	27652.56	27903.44	0
S045_SZ20250522049WHB-1_gdna_genome_2537266_rna	.	3460910.0	28327.0	28203.52	28450.48	0
S045_SZ20250522049WHB-1_gdna_genome_2537266_rna	.	3749319.0	28829.0	28709.44	28948.56	0
S045_SZ20250522049WHB-1_gdna_genome_2537266_rna	.	4037729.0	29292.0	29174.4	29409.6	0
S045_SZ20250522049WHB-1_gdna_genome_2537266_rna	.	4326138.0	29720.0	29604.36	29835.64	0
S045_SZ20250522049WHB-1_gdna_genome_2537266_rna	.	4614547.0	30120.0	30008.28	30231.72	0
S045_SZ20250522049WHB-1_gdna_genome_2537266_rna	.	4902956.0	30494.0	30384.24	30603.76	0
S045_SZ20250522049WHB-1_gdna_genome_2537266_rna	.	5191366.0	30845.0	30739.16	30950.84	0
S045_SZ20250522049WHB-1_gdna_genome_2537266_rna	.	5479775.0	31177.0	31073.12	31280.88	0
S045_SZ20250522049WHB-1_gdna_genome_2537266_rna	.	5768184.0	31491.0	31389.08	31592.92	0
S045_SZ20250522049WHB-1_gdna_genome_2537266_rna	.	6056593.0	31790.0	31692.0	31888.0	0
S045_SZ20250522049WHB-1_gdna_genome_2537266_rna	.	6345003.0	32074.0	31977.96	32170.04	0
S045_SZ20250522049WHB-1_gdna_genome_2537266_rna	.	6633412.0	32345.0	32250.92	32439.08	0
S045_SZ20250522049WHB-1_gdna_genome_2537266_rna	.	6921821.0	32604.0	32513.84	32694.16	0
S045_SZ20250522049WHB-1_gdna_genome_2537266_rna	.	7210230.0	32853.0	32764.8	32941.2	0
S045_SZ20250522049WHB-1_gdna_genome_2537266_rna	.	7498639.0	33091.0	33004.76	33177.24	0
S045_SZ20250522049WHB-1_gdna_genome_2537266_rna	.	7787049.0	33320.0	33237.68	33402.32	0
S045_SZ20250522049WHB-1_gdna_genome_2537266_rna	.	8075458.0	33541.0	33460.64	33621.36	0
S045_SZ20250522049WHB-1_gdna_genome_2537266_rna	.	8363867.0	33754.0	33675.6	33832.4	0
S045_SZ20250522049WHB-1_gdna_genome_2537266_rna	.	8652276.0	33959.0	33882.56	34035.44	0
S045_SZ20250522049WHB-1_gdna_genome_2537266_rna	.	8940686.0	34157.0	34082.52	34231.48	0
S045_SZ20250522049WHB-1_gdna_genome_2537266_rna	.	9229095.0	34348.0	34275.48	34420.52	0
S045_SZ20250522049WHB-1_gdna_genome_2537266_rna	.	9517504.0	34533.0	34464.4	34601.6	0
S045_SZ20250522049WHB-1_gdna_genome_2537266_rna	.	9805913.0	34712.0	34645.36	34778.64	0
S045_SZ20250522049WHB-1_gdna_genome_2537266_rna	.	1.0094323E7	34885.0	34820.32	34949.68	0
S045_SZ20250522049WHB-1_gdna_genome_2537266_rna	.	1.0382732E7	35053.0	34990.28	35115.72	0
S045_SZ20250522049WHB-1_gdna_genome_2537266_rna	.	1.0671141E7	35215.0	35154.24	35275.76	0
S045_SZ20250522049WHB-1_gdna_genome_2537266_rna	.	1.095955E7	35373.0	35314.2	35431.8	0
S045_SZ20250522049WHB-1_gdna_genome_2537266_rna	.	1.1247959E7	35526.0	35469.16	35582.84	0
S045_SZ20250522049WHB-1_gdna_genome_2537266_rna	.	1.1536369E7	35674.0	35619.12	35728.88	0
S045_SZ20250522049WHB-1_gdna_genome_2537266_rna	.	1.1824778E7	35818.0	35765.08	35870.92	0
S045_SZ20250522049WHB-1_gdna_genome_2537266_rna	.	1.2113187E7	35957.0	35906.04	36007.96	0
S045_SZ20250522049WHB-1_gdna_genome_2537266_rna	.	1.2401596E7	36093.0	36044.0	36142.0	0
S045_SZ20250522049WHB-1_gdna_genome_2537266_rna	.	1.2690006E7	36224.0	36176.96	36271.04	0
S045_SZ20250522049WHB-1_gdna_genome_2537266_rna	.	1.2978415E7	36352.0	36306.92	36397.08	0
S045_SZ20250522049WHB-1_gdna_genome_2537266_rna	.	1.3266824E7	36476.0	36430.92	36521.08	0
S045_SZ20250522049WHB-1_gdna_genome_2537266_rna	.	1.3555233E7	36596.0	36552.88	36639.12	0
S045_SZ20250522049WHB-1_gdna_genome_2537266_rna	.	1.3843643E7	36713.0	36671.84	36754.16	0
S045_SZ20250522049WHB-1_gdna_genome_2537266_rna	.	1.4132052E7	36826.0	36786.8	36865.2	0
S045_SZ20250522049WHB-1_gdna_genome_2537266_rna	.	1.4420461E7	36936.0	36898.76	36973.24	0
S045_SZ20250522049WHB-1_gdna_genome_2537266_rna	.	1.470887E7	37043.0	37007.72	37078.28	0
S045_SZ20250522049WHB-1_gdna_genome_2537266_rna	.	1.4997279E7	37147.0	37111.72	37182.28	0
S045_SZ20250522049WHB-1_gdna_genome_2537266_rna	.	1.5285689E7	37247.0	37213.68	37280.32	0
S045_SZ20250522049WHB-1_gdna_genome_2537266_rna	.	1.5574098E7	37345.0	37313.64	37376.36	0
S045_SZ20250522049WHB-1_gdna_genome_2537266_rna	.	1.5862507E7	37440.0	37410.6	37469.4	0
S045_SZ20250522049WHB-1_gdna_genome_2537266_rna	.	1.6150916E7	37531.0	37501.6	37560.4	0
S045_SZ20250522049WHB-1_gdna_genome_2537266_rna	.	1.6439326E7	37620.0	37592.56	37647.44	0
S045_SZ20250522049WHB-1_gdna_genome_2537266_rna	.	1.6727735E7	37706.0	37680.52	37731.48	0
S045_SZ20250522049WHB-1_gdna_genome_2537266_rna	.	1.7016144E7	37790.0	37764.52	37815.48	0
S045_SZ20250522049WHB-1_gdna_genome_2537266_rna	.	1.7304553E7	37870.0	37846.48	37893.52	0
S045_SZ20250522049WHB-1_gdna_genome_2537266_rna	.	1.7592963E7	37948.0	37926.44	37969.56	0
S045_SZ20250522049WHB-1_gdna_genome_2537266_rna	.	1.7881372E7	38024.0	38002.44	38045.56	0
S045_SZ20250522049WHB-1_gdna_genome_2537266_rna	.	1.8169781E7	38097.0	38077.4	38116.6	0
S045_SZ20250522049WHB-1_gdna_genome_2537266_rna	.	1.845819E7	38168.0	38148.4	38187.6	0
S045_SZ20250522049WHB-1_gdna_genome_2537266_rna	.	1.8746599E7	38236.0	38218.36	38253.64	0
S045_SZ20250522049WHB-1_gdna_genome_2537266_rna	.	1.9035009E7	38302.0	38284.36	38319.64	0
S045_SZ20250522049WHB-1_gdna_genome_2537266_rna	.	1.9323418E7	38365.0	38349.32	38380.68	0
S045_SZ20250522049WHB-1_gdna_genome_2537266_rna	.	1.9611827E7	38426.0	38410.32	38441.68	0
S045_SZ20250522049WHB-1_gdna_genome_2537266_rna	.	1.9900236E7	38485.0	38471.28	38498.72	0
S045_SZ20250522049WHB-1_gdna_genome_2537266_rna	.	2.0188646E7	38542.0	38528.28	38555.72	0
S045_SZ20250522049WHB-1_gdna_genome_2537266_rna	.	2.0477055E7	38596.0	38584.24	38607.76	0
S045_SZ20250522049WHB-1_gdna_genome_2537266_rna	.	2.0765464E7	38648.0	38636.24	38659.76	0
S045_SZ20250522049WHB-1_gdna_genome_2537266_rna	.	2.1053873E7	38698.0	38688.2	38707.8	0
S045_SZ20250522049WHB-1_gdna_genome_2537266_rna	.	2.1342283E7	38746.0	38736.2	38755.8	0
S045_SZ20250522049WHB-1_gdna_genome_2537266_rna	.	2.1630692E7	38792.0	38784.16	38799.84	0
S045_SZ20250522049WHB-1_gdna_genome_2537266_rna	.	2.1919101E7	38836.0	38828.16	38843.84	0
S045_SZ20250522049WHB-1_gdna_genome_2537266_rna	.	2.220751E7	38878.0	38870.16	38885.84	0
S045_SZ20250522049WHB-1_gdna_genome_2537266_rna	.	2.2495919E7	38917.0	38911.12	38922.88	0
S045_SZ20250522049WHB-1_gdna_genome_2537266_rna	.	2.2784329E7	38955.0	38949.12	38960.88	0
S045_SZ20250522049WHB-1_gdna_genome_2537266_rna	.	2.3072738E7	38991.0	38985.12	38996.88	0
S045_SZ20250522049WHB-1_gdna_genome_2537266_rna	.	2.3361147E7	39025.0	39021.08	39028.92	0
S045_SZ20250522049WHB-1_gdna_genome_2537266_rna	.	2.3649556E7	39057.0	39053.08	39060.92	0
S045_SZ20250522049WHB-1_gdna_genome_2537266_rna	.	2.3937966E7	39087.0	39083.08	39090.92	0
S045_SZ20250522049WHB-1_gdna_genome_2537266_rna	.	2.4226375E7	39115.0	39111.08	39118.92	0
S045_SZ20250522049WHB-1_gdna_genome_2537266_rna	.	2.4514784E7	39141.0	39139.04	39142.96	0
S045_SZ20250522049WHB-1_gdna_genome_2537266_rna	.	2.4803193E7	39166.0	39164.04	39167.96	0
S045_SZ20250522049WHB-1_gdna_genome_2537266_rna	.	2.5091603E7	39188.0	39186.04	39189.96	0
S045_SZ20250522049WHB-1_gdna_genome_2537266_rna	.	2.5380012E7	39209.0	39207.04	39210.96	0
S045_SZ20250522049WHB-1_gdna_genome_2537266_rna	.	2.5668421E7	39228.0	39228.0	39228.0	0
S045_SZ20250522049WHB-1_gdna_genome_2537266_rna	.	2.595683E7	39246.0	39246.0	39246.0	0
S045_SZ20250522049WHB-1_gdna_genome_2537266_rna	.	2.6245239E7	39261.0	39261.0	39261.0	0
S045_SZ20250522049WHB-1_gdna_genome_2537266_rna	.	2.6533649E7	39275.0	39275.0	39275.0	0
S045_SZ20250522049WHB-1_gdna_genome_2537266_rna	.	2.6822058E7	39288.0	39288.0	39288.0	0
S045_SZ20250522049WHB-1_gdna_genome_2537266_rna	.	2.7110467E7	39298.0	39298.0	39298.0	0
S045_SZ20250522049WHB-1_gdna_genome_2537266_rna	.	2.7398876E7	39307.0	39307.0	39307.0	0
S045_SZ20250522049WHB-1_gdna_genome_2537266_rna	.	2.7687286E7	39314.0	39314.0	39314.0	0
S045_SZ20250522049WHB-1_gdna_genome_2537266_rna	.	2.7975695E7	39320.0	39320.0	39320.0	0
S045_SZ20250522049WHB-1_gdna_genome_2537266_rna	.	2.8264104E7	39323.0	39323.0	39323.0	0
S045_SZ20250522049WHB-1_gdna_genome_2537266_rna	.	2.8552513E7	39326.0	39326.0	39326.0	0
S045_SZ20250522049WHB-1_gdna_genome_2537266_rna	.	2.8824471E7	39327.0	39327.0	39327.0	1
S045_SZ20250522049WHB-1_gdna_genome_2537266_rna	.	2.8840923E7	0.0	0.0	0.0	2
S046_SZ20250522052WHB-9_gdna_genome_2537267_amp	.	0.0	0.0	0.0	0.0	0
S046_SZ20250522052WHB-9_gdna_genome_2537267_amp	.	288409.0	26351.0	26160.88	26541.12	0
S046_SZ20250522052WHB-9_gdna_genome_2537267_amp	.	576818.0	30365.0	30186.64	30543.36	0
S046_SZ20250522052WHB-9_gdna_genome_2537267_amp	.	865227.0	33164.0	32995.44	33332.56	0
S046_SZ20250522052WHB-9_gdna_genome_2537267_amp	.	1153636.0	35365.0	35206.24	35523.76	0
S046_SZ20250522052WHB-9_gdna_genome_2537267_amp	.	1442046.0	37180.0	37029.08	37330.92	0
S046_SZ20250522052WHB-9_gdna_genome_2537267_amp	.	1730455.0	38715.0	38571.92	38858.08	0
S046_SZ20250522052WHB-9_gdna_genome_2537267_amp	.	2018864.0	40037.0	39899.8	40174.2	0
S046_SZ20250522052WHB-9_gdna_genome_2537267_amp	.	2307273.0	41191.0	41059.68	41322.32	0
S046_SZ20250522052WHB-9_gdna_genome_2537267_amp	.	2595683.0	42208.0	42082.56	42333.44	0
S046_SZ20250522052WHB-9_gdna_genome_2537267_amp	.	2884092.0	43112.0	42992.44	43231.56	0
S046_SZ20250522052WHB-9_gdna_genome_2537267_amp	.	3172501.0	43922.0	43808.32	44035.68	0
S046_SZ20250522052WHB-9_gdna_genome_2537267_amp	.	3460910.0	44651.0	44541.24	44760.76	0
S046_SZ20250522052WHB-9_gdna_genome_2537267_amp	.	3749319.0	45312.0	45208.12	45415.88	0
S046_SZ20250522052WHB-9_gdna_genome_2537267_amp	.	4037729.0	45913.0	45813.04	46012.96	0
S046_SZ20250522052WHB-9_gdna_genome_2537267_amp	.	4326138.0	46463.0	46366.96	46559.04	0
S046_SZ20250522052WHB-9_gdna_genome_2537267_amp	.	4614547.0	46968.0	46875.88	47060.12	0
S046_SZ20250522052WHB-9_gdna_genome_2537267_amp	.	4902956.0	47433.0	47344.8	47521.2	0
S046_SZ20250522052WHB-9_gdna_genome_2537267_amp	.	5191366.0	47863.0	47778.72	47947.28	0
S046_SZ20250522052WHB-9_gdna_genome_2537267_amp	.	5479775.0	48262.0	48181.64	48342.36	0
S046_SZ20250522052WHB-9_gdna_genome_2537267_amp	.	5768184.0	48633.0	48556.56	48709.44	0
S046_SZ20250522052WHB-9_gdna_genome_2537267_amp	.	6056593.0	48978.0	48905.48	49050.52	0
S046_SZ20250522052WHB-9_gdna_genome_2537267_amp	.	6345003.0	49301.0	49232.4	49369.6	0
S046_SZ20250522052WHB-9_gdna_genome_2537267_amp	.	6633412.0	49604.0	49537.36	49670.64	0
S046_SZ20250522052WHB-9_gdna_genome_2537267_amp	.	6921821.0	49888.0	49825.28	49950.72	0
S046_SZ20250522052WHB-9_gdna_genome_2537267_amp	.	7210230.0	50154.0	50095.2	50212.8	0
S046_SZ20250522052WHB-9_gdna_genome_2537267_amp	.	7498639.0	50405.0	50348.16	50461.84	0
S046_SZ20250522052WHB-9_gdna_genome_2537267_amp	.	7787049.0	50642.0	50589.08	50694.92	0
S046_SZ20250522052WHB-9_gdna_genome_2537267_amp	.	8075458.0	50865.0	50814.04	50915.96	0
S046_SZ20250522052WHB-9_gdna_genome_2537267_amp	.	8363867.0	51075.0	51027.96	51122.04	0
S046_SZ20250522052WHB-9_gdna_genome_2537267_amp	.	8652276.0	51274.0	51228.92	51319.08	0
S046_SZ20250522052WHB-9_gdna_genome_2537267_amp	.	8940686.0	51463.0	51419.88	51506.12	0
S046_SZ20250522052WHB-9_gdna_genome_2537267_amp	.	9229095.0	51641.0	51601.8	51680.2	0
S046_SZ20250522052WHB-9_gdna_genome_2537267_amp	.	9517504.0	51810.0	51772.76	51847.24	0
S046_SZ20250522052WHB-9_gdna_genome_2537267_amp	.	9805913.0	51969.0	51933.72	52004.28	0
S046_SZ20250522052WHB-9_gdna_genome_2537267_amp	.	1.0094323E7	52121.0	52087.68	52154.32	0
S046_SZ20250522052WHB-9_gdna_genome_2537267_amp	.	1.0382732E7	52264.0	52232.64	52295.36	0
S046_SZ20250522052WHB-9_gdna_genome_2537267_amp	.	1.0671141E7	52400.0	52370.6	52429.4	0
S046_SZ20250522052WHB-9_gdna_genome_2537267_amp	.	1.095955E7	52529.0	52501.56	52556.44	0
S046_SZ20250522052WHB-9_gdna_genome_2537267_amp	.	1.1247959E7	52650.0	52624.52	52675.48	0
S046_SZ20250522052WHB-9_gdna_genome_2537267_amp	.	1.1536369E7	52766.0	52742.48	52789.52	0
S046_SZ20250522052WHB-9_gdna_genome_2537267_amp	.	1.1824778E7	52875.0	52853.44	52896.56	0
S046_SZ20250522052WHB-9_gdna_genome_2537267_amp	.	1.2113187E7	52977.0	52957.4	52996.6	0
S046_SZ20250522052WHB-9_gdna_genome_2537267_amp	.	1.2401596E7	53075.0	53057.36	53092.64	0
S046_SZ20250522052WHB-9_gdna_genome_2537267_amp	.	1.2690006E7	53166.0	53150.32	53181.68	0
S046_SZ20250522052WHB-9_gdna_genome_2537267_amp	.	1.2978415E7	53252.0	53238.28	53265.72	0
S046_SZ20250522052WHB-9_gdna_genome_2537267_amp	.	1.3266824E7	53333.0	53319.28	53346.72	0
S046_SZ20250522052WHB-9_gdna_genome_2537267_amp	.	1.3555233E7	53409.0	53397.24	53420.76	0
S046_SZ20250522052WHB-9_gdna_genome_2537267_amp	.	1.3843643E7	53480.0	53470.2	53489.8	0
S046_SZ20250522052WHB-9_gdna_genome_2537267_amp	.	1.4132052E7	53547.0	53537.2	53556.8	0
S046_SZ20250522052WHB-9_gdna_genome_2537267_amp	.	1.4420461E7	53609.0	53601.16	53616.84	0
S046_SZ20250522052WHB-9_gdna_genome_2537267_amp	.	1.470887E7	53666.0	53658.16	53673.84	0
S046_SZ20250522052WHB-9_gdna_genome_2537267_amp	.	1.4997279E7	53719.0	53713.12	53724.88	0
S046_SZ20250522052WHB-9_gdna_genome_2537267_amp	.	1.5285689E7	53768.0	53762.12	53773.88	0
S046_SZ20250522052WHB-9_gdna_genome_2537267_amp	.	1.5574098E7	53813.0	53809.08	53816.92	0
S046_SZ20250522052WHB-9_gdna_genome_2537267_amp	.	1.5862507E7	53854.0	53850.08	53857.92	0
S046_SZ20250522052WHB-9_gdna_genome_2537267_amp	.	1.6150916E7	53891.0	53889.04	53892.96	0
S046_SZ20250522052WHB-9_gdna_genome_2537267_amp	.	1.6439326E7	53925.0	53923.04	53926.96	0
S046_SZ20250522052WHB-9_gdna_genome_2537267_amp	.	1.6727735E7	53954.0	53952.04	53955.96	0
S046_SZ20250522052WHB-9_gdna_genome_2537267_amp	.	1.7016144E7	53980.0	53980.0	53980.0	0
S046_SZ20250522052WHB-9_gdna_genome_2537267_amp	.	1.7304553E7	54002.0	54002.0	54002.0	0
S046_SZ20250522052WHB-9_gdna_genome_2537267_amp	.	1.7592963E7	54021.0	54021.0	54021.0	0
S046_SZ20250522052WHB-9_gdna_genome_2537267_amp	.	1.7881372E7	54037.0	54037.0	54037.0	0
S046_SZ20250522052WHB-9_gdna_genome_2537267_amp	.	1.8169781E7	54049.0	54049.0	54049.0	0
S046_SZ20250522052WHB-9_gdna_genome_2537267_amp	.	1.845819E7	54058.0	54058.0	54058.0	0
S046_SZ20250522052WHB-9_gdna_genome_2537267_amp	.	1.8746599E7	54064.0	54064.0	54064.0	0
S046_SZ20250522052WHB-9_gdna_genome_2537267_amp	.	1.9035009E7	54066.0	54066.0	54066.0	0
S046_SZ20250522052WHB-9_gdna_genome_2537267_amp	.	1.912775E7	54067.0	54067.0	54067.0	1
S046_SZ20250522052WHB-9_gdna_genome_2537267_amp	.	1.9323418E7	0.0	0.0	0.0	2
S046_SZ20250522052WHB-9_gdna_genome_2537267_amp	.	1.9611827E7	0.0	0.0	0.0	2
S046_SZ20250522052WHB-9_gdna_genome_2537267_amp	.	1.9900236E7	0.0	0.0	0.0	2
S046_SZ20250522052WHB-9_gdna_genome_2537267_amp	.	2.0188646E7	0.0	0.0	0.0	2
S046_SZ20250522052WHB-9_gdna_genome_2537267_amp	.	2.0477055E7	0.0	0.0	0.0	2
S046_SZ20250522052WHB-9_gdna_genome_2537267_amp	.	2.0765464E7	0.0	0.0	0.0	2
S046_SZ20250522052WHB-9_gdna_genome_2537267_amp	.	2.1053873E7	0.0	0.0	0.0	2
S046_SZ20250522052WHB-9_gdna_genome_2537267_amp	.	2.1342283E7	0.0	0.0	0.0	2
S046_SZ20250522052WHB-9_gdna_genome_2537267_amp	.	2.1630692E7	0.0	0.0	0.0	2
S046_SZ20250522052WHB-9_gdna_genome_2537267_amp	.	2.1919101E7	0.0	0.0	0.0	2
S046_SZ20250522052WHB-9_gdna_genome_2537267_amp	.	2.220751E7	0.0	0.0	0.0	2
S046_SZ20250522052WHB-9_gdna_genome_2537267_amp	.	2.2495919E7	0.0	0.0	0.0	2
S046_SZ20250522052WHB-9_gdna_genome_2537267_amp	.	2.2784329E7	0.0	0.0	0.0	2
S046_SZ20250522052WHB-9_gdna_genome_2537267_amp	.	2.3072738E7	0.0	0.0	0.0	2
S046_SZ20250522052WHB-9_gdna_genome_2537267_amp	.	2.3361147E7	0.0	0.0	0.0	2
S046_SZ20250522052WHB-9_gdna_genome_2537267_amp	.	2.3649556E7	0.0	0.0	0.0	2
S046_SZ20250522052WHB-9_gdna_genome_2537267_amp	.	2.3937966E7	0.0	0.0	0.0	2
S046_SZ20250522052WHB-9_gdna_genome_2537267_amp	.	2.4226375E7	0.0	0.0	0.0	2
S046_SZ20250522052WHB-9_gdna_genome_2537267_amp	.	2.4514784E7	0.0	0.0	0.0	2
S046_SZ20250522052WHB-9_gdna_genome_2537267_amp	.	2.4803193E7	0.0	0.0	0.0	2
S046_SZ20250522052WHB-9_gdna_genome_2537267_amp	.	2.5091603E7	0.0	0.0	0.0	2
S046_SZ20250522052WHB-9_gdna_genome_2537267_amp	.	2.5380012E7	0.0	0.0	0.0	2
S046_SZ20250522052WHB-9_gdna_genome_2537267_amp	.	2.5668421E7	0.0	0.0	0.0	2
S046_SZ20250522052WHB-9_gdna_genome_2537267_amp	.	2.595683E7	0.0	0.0	0.0	2
S046_SZ20250522052WHB-9_gdna_genome_2537267_amp	.	2.6245239E7	0.0	0.0	0.0	2
S046_SZ20250522052WHB-9_gdna_genome_2537267_amp	.	2.6533649E7	0.0	0.0	0.0	2
S046_SZ20250522052WHB-9_gdna_genome_2537267_amp	.	2.6822058E7	0.0	0.0	0.0	2
S046_SZ20250522052WHB-9_gdna_genome_2537267_amp	.	2.7110467E7	0.0	0.0	0.0	2
S046_SZ20250522052WHB-9_gdna_genome_2537267_amp	.	2.7398876E7	0.0	0.0	0.0	2
S046_SZ20250522052WHB-9_gdna_genome_2537267_amp	.	2.7687286E7	0.0	0.0	0.0	2
S046_SZ20250522052WHB-9_gdna_genome_2537267_amp	.	2.7975695E7	0.0	0.0	0.0	2
S046_SZ20250522052WHB-9_gdna_genome_2537267_amp	.	2.8264104E7	0.0	0.0	0.0	2
S046_SZ20250522052WHB-9_gdna_genome_2537267_amp	.	2.8552513E7	0.0	0.0	0.0	2
S046_SZ20250522052WHB-9_gdna_genome_2537267_amp	.	2.8840923E7	0.0	0.0	0.0	2
S046_SZ20250522052WHB-9_gdna_genome_2537267_rna	.	0.0	0.0	0.0	0.0	0
S046_SZ20250522052WHB-9_gdna_genome_2537267_rna	.	288409.0	26342.0	26151.88	26532.12	0
S046_SZ20250522052WHB-9_gdna_genome_2537267_rna	.	576818.0	30353.0	30174.64	30531.36	0
S046_SZ20250522052WHB-9_gdna_genome_2537267_rna	.	865227.0	33149.0	32980.44	33317.56	0
S046_SZ20250522052WHB-9_gdna_genome_2537267_rna	.	1153636.0	35347.0	35188.24	35505.76	0
S046_SZ20250522052WHB-9_gdna_genome_2537267_rna	.	1442046.0	37159.0	37008.08	37309.92	0
S046_SZ20250522052WHB-9_gdna_genome_2537267_rna	.	1730455.0	38692.0	38548.92	38835.08	0
S046_SZ20250522052WHB-9_gdna_genome_2537267_rna	.	2018864.0	40012.0	39874.8	40149.2	0
S046_SZ20250522052WHB-9_gdna_genome_2537267_rna	.	2307273.0	41164.0	41032.68	41295.32	0
S046_SZ20250522052WHB-9_gdna_genome_2537267_rna	.	2595683.0	42180.0	42054.56	42305.44	0
S046_SZ20250522052WHB-9_gdna_genome_2537267_rna	.	2884092.0	43082.0	42962.44	43201.56	0
S046_SZ20250522052WHB-9_gdna_genome_2537267_rna	.	3172501.0	43890.0	43776.32	44003.68	0
S046_SZ20250522052WHB-9_gdna_genome_2537267_rna	.	3460910.0	44618.0	44508.24	44727.76	0
S046_SZ20250522052WHB-9_gdna_genome_2537267_rna	.	3749319.0	45278.0	45174.12	45381.88	0
S046_SZ20250522052WHB-9_gdna_genome_2537267_rna	.	4037729.0	45878.0	45778.04	45977.96	0
S046_SZ20250522052WHB-9_gdna_genome_2537267_rna	.	4326138.0	46426.0	46329.96	46522.04	0
S046_SZ20250522052WHB-9_gdna_genome_2537267_rna	.	4614547.0	46930.0	46837.88	47022.12	0
S046_SZ20250522052WHB-9_gdna_genome_2537267_rna	.	4902956.0	47394.0	47305.8	47482.2	0
S046_SZ20250522052WHB-9_gdna_genome_2537267_rna	.	5191366.0	47824.0	47739.72	47908.28	0
S046_SZ20250522052WHB-9_gdna_genome_2537267_rna	.	5479775.0	48222.0	48141.64	48302.36	0
S046_SZ20250522052WHB-9_gdna_genome_2537267_rna	.	5768184.0	48592.0	48515.56	48668.44	0
S046_SZ20250522052WHB-9_gdna_genome_2537267_rna	.	6056593.0	48937.0	48864.48	49009.52	0
S046_SZ20250522052WHB-9_gdna_genome_2537267_rna	.	6345003.0	49259.0	49190.4	49327.6	0
S046_SZ20250522052WHB-9_gdna_genome_2537267_rna	.	6633412.0	49561.0	49494.36	49627.64	0
S046_SZ20250522052WHB-9_gdna_genome_2537267_rna	.	6921821.0	49844.0	49781.28	49906.72	0
S046_SZ20250522052WHB-9_gdna_genome_2537267_rna	.	7210230.0	50110.0	50051.2	50168.8	0
S046_SZ20250522052WHB-9_gdna_genome_2537267_rna	.	7498639.0	50360.0	50303.16	50416.84	0
S046_SZ20250522052WHB-9_gdna_genome_2537267_rna	.	7787049.0	50596.0	50543.08	50648.92	0
S046_SZ20250522052WHB-9_gdna_genome_2537267_rna	.	8075458.0	50819.0	50768.04	50869.96	0
S046_SZ20250522052WHB-9_gdna_genome_2537267_rna	.	8363867.0	51029.0	50981.96	51076.04	0
S046_SZ20250522052WHB-9_gdna_genome_2537267_rna	.	8652276.0	51227.0	51181.92	51272.08	0
S046_SZ20250522052WHB-9_gdna_genome_2537267_rna	.	8940686.0	51415.0	51371.88	51458.12	0
S046_SZ20250522052WHB-9_gdna_genome_2537267_rna	.	9229095.0	51593.0	51553.8	51632.2	0
S046_SZ20250522052WHB-9_gdna_genome_2537267_rna	.	9517504.0	51761.0	51723.76	51798.24	0
S046_SZ20250522052WHB-9_gdna_genome_2537267_rna	.	9805913.0	51921.0	51885.72	51956.28	0
S046_SZ20250522052WHB-9_gdna_genome_2537267_rna	.	1.0094323E7	52072.0	52038.68	52105.32	0
S046_SZ20250522052WHB-9_gdna_genome_2537267_rna	.	1.0382732E7	52215.0	52183.64	52246.36	0
S046_SZ20250522052WHB-9_gdna_genome_2537267_rna	.	1.0671141E7	52351.0	52321.6	52380.4	0
S046_SZ20250522052WHB-9_gdna_genome_2537267_rna	.	1.095955E7	52479.0	52451.56	52506.44	0
S046_SZ20250522052WHB-9_gdna_genome_2537267_rna	.	1.1247959E7	52600.0	52574.52	52625.48	0
S046_SZ20250522052WHB-9_gdna_genome_2537267_rna	.	1.1536369E7	52715.0	52691.48	52738.52	0
S046_SZ20250522052WHB-9_gdna_genome_2537267_rna	.	1.1824778E7	52824.0	52802.44	52845.56	0
S046_SZ20250522052WHB-9_gdna_genome_2537267_rna	.	1.2113187E7	52927.0	52907.4	52946.6	0
S046_SZ20250522052WHB-9_gdna_genome_2537267_rna	.	1.2401596E7	53024.0	53006.36	53041.64	0
S046_SZ20250522052WHB-9_gdna_genome_2537267_rna	.	1.2690006E7	53115.0	53099.32	53130.68	0
S046_SZ20250522052WHB-9_gdna_genome_2537267_rna	.	1.2978415E7	53201.0	53187.28	53214.72	0
S046_SZ20250522052WHB-9_gdna_genome_2537267_rna	.	1.3266824E7	53282.0	53268.28	53295.72	0
S046_SZ20250522052WHB-9_gdna_genome_2537267_rna	.	1.3555233E7	53357.0	53345.24	53368.76	0
S046_SZ20250522052WHB-9_gdna_genome_2537267_rna	.	1.3843643E7	53428.0	53418.2	53437.8	0
S046_SZ20250522052WHB-9_gdna_genome_2537267_rna	.	1.4132052E7	53495.0	53485.2	53504.8	0
S046_SZ20250522052WHB-9_gdna_genome_2537267_rna	.	1.4420461E7	53556.0	53548.16	53563.84	0
S046_SZ20250522052WHB-9_gdna_genome_2537267_rna	.	1.470887E7	53614.0	53606.16	53621.84	0
S046_SZ20250522052WHB-9_gdna_genome_2537267_rna	.	1.4997279E7	53667.0	53661.12	53672.88	0
S046_SZ20250522052WHB-9_gdna_genome_2537267_rna	.	1.5285689E7	53715.0	53709.12	53720.88	0
S046_SZ20250522052WHB-9_gdna_genome_2537267_rna	.	1.5574098E7	53760.0	53756.08	53763.92	0
S046_SZ20250522052WHB-9_gdna_genome_2537267_rna	.	1.5862507E7	53801.0	53797.08	53804.92	0
S046_SZ20250522052WHB-9_gdna_genome_2537267_rna	.	1.6150916E7	53838.0	53836.04	53839.96	0
S046_SZ20250522052WHB-9_gdna_genome_2537267_rna	.	1.6439326E7	53871.0	53869.04	53872.96	0
S046_SZ20250522052WHB-9_gdna_genome_2537267_rna	.	1.6727735E7	53900.0	53898.04	53901.96	0
S046_SZ20250522052WHB-9_gdna_genome_2537267_rna	.	1.7016144E7	53926.0	53926.0	53926.0	0
S046_SZ20250522052WHB-9_gdna_genome_2537267_rna	.	1.7304553E7	53948.0	53948.0	53948.0	0
S046_SZ20250522052WHB-9_gdna_genome_2537267_rna	.	1.7592963E7	53967.0	53967.0	53967.0	0
S046_SZ20250522052WHB-9_gdna_genome_2537267_rna	.	1.7881372E7	53983.0	53983.0	53983.0	0
S046_SZ20250522052WHB-9_gdna_genome_2537267_rna	.	1.8169781E7	53995.0	53995.0	53995.0	0
S046_SZ20250522052WHB-9_gdna_genome_2537267_rna	.	1.845819E7	54003.0	54003.0	54003.0	0
S046_SZ20250522052WHB-9_gdna_genome_2537267_rna	.	1.8746599E7	54009.0	54009.0	54009.0	0
S046_SZ20250522052WHB-9_gdna_genome_2537267_rna	.	1.9035009E7	54011.0	54011.0	54011.0	0
S046_SZ20250522052WHB-9_gdna_genome_2537267_rna	.	1.9113733E7	54012.0	54012.0	54012.0	1
S046_SZ20250522052WHB-9_gdna_genome_2537267_rna	.	1.9323418E7	0.0	0.0	0.0	2
S046_SZ20250522052WHB-9_gdna_genome_2537267_rna	.	1.9611827E7	0.0	0.0	0.0	2
S046_SZ20250522052WHB-9_gdna_genome_2537267_rna	.	1.9900236E7	0.0	0.0	0.0	2
S046_SZ20250522052WHB-9_gdna_genome_2537267_rna	.	2.0188646E7	0.0	0.0	0.0	2
S046_SZ20250522052WHB-9_gdna_genome_2537267_rna	.	2.0477055E7	0.0	0.0	0.0	2
S046_SZ20250522052WHB-9_gdna_genome_2537267_rna	.	2.0765464E7	0.0	0.0	0.0	2
S046_SZ20250522052WHB-9_gdna_genome_2537267_rna	.	2.1053873E7	0.0	0.0	0.0	2
S046_SZ20250522052WHB-9_gdna_genome_2537267_rna	.	2.1342283E7	0.0	0.0	0.0	2
S046_SZ20250522052WHB-9_gdna_genome_2537267_rna	.	2.1630692E7	0.0	0.0	0.0	2
S046_SZ20250522052WHB-9_gdna_genome_2537267_rna	.	2.1919101E7	0.0	0.0	0.0	2
S046_SZ20250522052WHB-9_gdna_genome_2537267_rna	.	2.220751E7	0.0	0.0	0.0	2
S046_SZ20250522052WHB-9_gdna_genome_2537267_rna	.	2.2495919E7	0.0	0.0	0.0	2
S046_SZ20250522052WHB-9_gdna_genome_2537267_rna	.	2.2784329E7	0.0	0.0	0.0	2
S046_SZ20250522052WHB-9_gdna_genome_2537267_rna	.	2.3072738E7	0.0	0.0	0.0	2
S046_SZ20250522052WHB-9_gdna_genome_2537267_rna	.	2.3361147E7	0.0	0.0	0.0	2
S046_SZ20250522052WHB-9_gdna_genome_2537267_rna	.	2.3649556E7	0.0	0.0	0.0	2
S046_SZ20250522052WHB-9_gdna_genome_2537267_rna	.	2.3937966E7	0.0	0.0	0.0	2
S046_SZ20250522052WHB-9_gdna_genome_2537267_rna	.	2.4226375E7	0.0	0.0	0.0	2
S046_SZ20250522052WHB-9_gdna_genome_2537267_rna	.	2.4514784E7	0.0	0.0	0.0	2
S046_SZ20250522052WHB-9_gdna_genome_2537267_rna	.	2.4803193E7	0.0	0.0	0.0	2
S046_SZ20250522052WHB-9_gdna_genome_2537267_rna	.	2.5091603E7	0.0	0.0	0.0	2
S046_SZ20250522052WHB-9_gdna_genome_2537267_rna	.	2.5380012E7	0.0	0.0	0.0	2
S046_SZ20250522052WHB-9_gdna_genome_2537267_rna	.	2.5668421E7	0.0	0.0	0.0	2
S046_SZ20250522052WHB-9_gdna_genome_2537267_rna	.	2.595683E7	0.0	0.0	0.0	2
S046_SZ20250522052WHB-9_gdna_genome_2537267_rna	.	2.6245239E7	0.0	0.0	0.0	2
S046_SZ20250522052WHB-9_gdna_genome_2537267_rna	.	2.6533649E7	0.0	0.0	0.0	2
S046_SZ20250522052WHB-9_gdna_genome_2537267_rna	.	2.6822058E7	0.0	0.0	0.0	2
S046_SZ20250522052WHB-9_gdna_genome_2537267_rna	.	2.7110467E7	0.0	0.0	0.0	2
S046_SZ20250522052WHB-9_gdna_genome_2537267_rna	.	2.7398876E7	0.0	0.0	0.0	2
S046_SZ20250522052WHB-9_gdna_genome_2537267_rna	.	2.7687286E7	0.0	0.0	0.0	2
S046_SZ20250522052WHB-9_gdna_genome_2537267_rna	.	2.7975695E7	0.0	0.0	0.0	2
S046_SZ20250522052WHB-9_gdna_genome_2537267_rna	.	2.8264104E7	0.0	0.0	0.0	2
S046_SZ20250522052WHB-9_gdna_genome_2537267_rna	.	2.8552513E7	0.0	0.0	0.0	2
S046_SZ20250522052WHB-9_gdna_genome_2537267_rna	.	2.8840923E7	0.0	0.0	0.0	2
S047_SZ20250522068WHB-0_gdna_genome_2537268_amp	.	0.0	0.0	0.0	0.0	0
S047_SZ20250522068WHB-0_gdna_genome_2537268_amp	.	288409.0	4365.0	4296.4	4433.6	0
S047_SZ20250522068WHB-0_gdna_genome_2537268_amp	.	576818.0	5265.0	5196.4	5333.6	0
S047_SZ20250522068WHB-0_gdna_genome_2537268_amp	.	865227.0	5768.0	5701.36	5834.64	0
S047_SZ20250522068WHB-0_gdna_genome_2537268_amp	.	1153636.0	6101.0	6038.28	6163.72	0
S047_SZ20250522068WHB-0_gdna_genome_2537268_amp	.	1442046.0	6345.0	6284.24	6405.76	0
S047_SZ20250522068WHB-0_gdna_genome_2537268_amp	.	1730455.0	6536.0	6477.2	6594.8	0
S047_SZ20250522068WHB-0_gdna_genome_2537268_amp	.	2018864.0	6694.0	6637.16	6750.84	0
S047_SZ20250522068WHB-0_gdna_genome_2537268_amp	.	2307273.0	6828.0	6773.12	6882.88	0
S047_SZ20250522068WHB-0_gdna_genome_2537268_amp	.	2595683.0	6946.0	6895.04	6996.96	0
S047_SZ20250522068WHB-0_gdna_genome_2537268_amp	.	2884092.0	7051.0	7002.0	7100.0	0
S047_SZ20250522068WHB-0_gdna_genome_2537268_amp	.	3172501.0	7145.0	7097.96	7192.04	0
S047_SZ20250522068WHB-0_gdna_genome_2537268_amp	.	3460910.0	7232.0	7186.92	7277.08	0
S047_SZ20250522068WHB-0_gdna_genome_2537268_amp	.	3749319.0	7312.0	7268.88	7355.12	0
S047_SZ20250522068WHB-0_gdna_genome_2537268_amp	.	4037729.0	7386.0	7344.84	7427.16	0
S047_SZ20250522068WHB-0_gdna_genome_2537268_amp	.	4326138.0	7455.0	7415.8	7494.2	0
S047_SZ20250522068WHB-0_gdna_genome_2537268_amp	.	4614547.0	7520.0	7482.76	7557.24	0
S047_SZ20250522068WHB-0_gdna_genome_2537268_amp	.	4902956.0	7581.0	7545.72	7616.28	0
S047_SZ20250522068WHB-0_gdna_genome_2537268_amp	.	5191366.0	7639.0	7605.68	7672.32	0
S047_SZ20250522068WHB-0_gdna_genome_2537268_amp	.	5479775.0	7694.0	7660.68	7727.32	0
S047_SZ20250522068WHB-0_gdna_genome_2537268_amp	.	5768184.0	7746.0	7714.64	7777.36	0
S047_SZ20250522068WHB-0_gdna_genome_2537268_amp	.	6056593.0	7796.0	7766.6	7825.4	0
S047_SZ20250522068WHB-0_gdna_genome_2537268_amp	.	6345003.0	7843.0	7815.56	7870.44	0
S047_SZ20250522068WHB-0_gdna_genome_2537268_amp	.	6633412.0	7888.0	7862.52	7913.48	0
S047_SZ20250522068WHB-0_gdna_genome_2537268_amp	.	6921821.0	7930.0	7904.52	7955.48	0
S047_SZ20250522068WHB-0_gdna_genome_2537268_amp	.	7210230.0	7971.0	7947.48	7994.52	0
S047_SZ20250522068WHB-0_gdna_genome_2537268_amp	.	7498639.0	8010.0	7988.44	8031.56	0
S047_SZ20250522068WHB-0_gdna_genome_2537268_amp	.	7787049.0	8048.0	8026.44	8069.56	0
S047_SZ20250522068WHB-0_gdna_genome_2537268_amp	.	8075458.0	8083.0	8063.4	8102.6	0
S047_SZ20250522068WHB-0_gdna_genome_2537268_amp	.	8363867.0	8117.0	8099.36	8134.64	0
S047_SZ20250522068WHB-0_gdna_genome_2537268_amp	.	8652276.0	8150.0	8132.36	8167.64	0
S047_SZ20250522068WHB-0_gdna_genome_2537268_amp	.	8940686.0	8181.0	8165.32	8196.68	0
S047_SZ20250522068WHB-0_gdna_genome_2537268_amp	.	9229095.0	8210.0	8194.32	8225.68	0
S047_SZ20250522068WHB-0_gdna_genome_2537268_amp	.	9517504.0	8238.0	8224.28	8251.72	0
S047_SZ20250522068WHB-0_gdna_genome_2537268_amp	.	9805913.0	8265.0	8251.28	8278.72	0
S047_SZ20250522068WHB-0_gdna_genome_2537268_amp	.	1.0094323E7	8291.0	8279.24	8302.76	0
S047_SZ20250522068WHB-0_gdna_genome_2537268_amp	.	1.0382732E7	8315.0	8303.24	8326.76	0
S047_SZ20250522068WHB-0_gdna_genome_2537268_amp	.	1.0671141E7	8339.0	8329.2	8348.8	0
S047_SZ20250522068WHB-0_gdna_genome_2537268_amp	.	1.095955E7	8361.0	8351.2	8370.8	0
S047_SZ20250522068WHB-0_gdna_genome_2537268_amp	.	1.1247959E7	8382.0	8374.16	8389.84	0
S047_SZ20250522068WHB-0_gdna_genome_2537268_amp	.	1.1536369E7	8402.0	8394.16	8409.84	0
S047_SZ20250522068WHB-0_gdna_genome_2537268_amp	.	1.1824778E7	8420.0	8412.16	8427.84	0
S047_SZ20250522068WHB-0_gdna_genome_2537268_amp	.	1.2113187E7	8438.0	8432.12	8443.88	0
S047_SZ20250522068WHB-0_gdna_genome_2537268_amp	.	1.2401596E7	8455.0	8449.12	8460.88	0
S047_SZ20250522068WHB-0_gdna_genome_2537268_amp	.	1.2690006E7	8471.0	8465.12	8476.88	0
S047_SZ20250522068WHB-0_gdna_genome_2537268_amp	.	1.2978415E7	8485.0	8481.08	8488.92	0
S047_SZ20250522068WHB-0_gdna_genome_2537268_amp	.	1.3266824E7	8499.0	8495.08	8502.92	0
S047_SZ20250522068WHB-0_gdna_genome_2537268_amp	.	1.3555233E7	8512.0	8508.08	8515.92	0
S047_SZ20250522068WHB-0_gdna_genome_2537268_amp	.	1.3843643E7	8524.0	8522.04	8525.96	0
S047_SZ20250522068WHB-0_gdna_genome_2537268_amp	.	1.4132052E7	8535.0	8533.04	8536.96	0
S047_SZ20250522068WHB-0_gdna_genome_2537268_amp	.	1.4420461E7	8546.0	8544.04	8547.96	0
S047_SZ20250522068WHB-0_gdna_genome_2537268_amp	.	1.470887E7	8555.0	8553.04	8556.96	0
S047_SZ20250522068WHB-0_gdna_genome_2537268_amp	.	1.4997279E7	8564.0	8564.0	8564.0	0
S047_SZ20250522068WHB-0_gdna_genome_2537268_amp	.	1.5285689E7	8571.0	8571.0	8571.0	0
S047_SZ20250522068WHB-0_gdna_genome_2537268_amp	.	1.5574098E7	8578.0	8578.0	8578.0	0
S047_SZ20250522068WHB-0_gdna_genome_2537268_amp	.	1.5862507E7	8584.0	8584.0	8584.0	0
S047_SZ20250522068WHB-0_gdna_genome_2537268_amp	.	1.6150916E7	8590.0	8590.0	8590.0	0
S047_SZ20250522068WHB-0_gdna_genome_2537268_amp	.	1.6439326E7	8594.0	8594.0	8594.0	0
S047_SZ20250522068WHB-0_gdna_genome_2537268_amp	.	1.6727735E7	8598.0	8598.0	8598.0	0
S047_SZ20250522068WHB-0_gdna_genome_2537268_amp	.	1.7016144E7	8601.0	8601.0	8601.0	0
S047_SZ20250522068WHB-0_gdna_genome_2537268_amp	.	1.7304553E7	8603.0	8603.0	8603.0	0
S047_SZ20250522068WHB-0_gdna_genome_2537268_amp	.	1.7592963E7	8605.0	8605.0	8605.0	0
S047_SZ20250522068WHB-0_gdna_genome_2537268_amp	.	1.7881372E7	8605.0	8605.0	8605.0	0
S047_SZ20250522068WHB-0_gdna_genome_2537268_amp	.	1.805324E7	8606.0	8606.0	8606.0	1
S047_SZ20250522068WHB-0_gdna_genome_2537268_amp	.	1.8169781E7	0.0	0.0	0.0	2
S047_SZ20250522068WHB-0_gdna_genome_2537268_amp	.	1.845819E7	0.0	0.0	0.0	2
S047_SZ20250522068WHB-0_gdna_genome_2537268_amp	.	1.8746599E7	0.0	0.0	0.0	2
S047_SZ20250522068WHB-0_gdna_genome_2537268_amp	.	1.9035009E7	0.0	0.0	0.0	2
S047_SZ20250522068WHB-0_gdna_genome_2537268_amp	.	1.9323418E7	0.0	0.0	0.0	2
S047_SZ20250522068WHB-0_gdna_genome_2537268_amp	.	1.9611827E7	0.0	0.0	0.0	2
S047_SZ20250522068WHB-0_gdna_genome_2537268_amp	.	1.9900236E7	0.0	0.0	0.0	2
S047_SZ20250522068WHB-0_gdna_genome_2537268_amp	.	2.0188646E7	0.0	0.0	0.0	2
S047_SZ20250522068WHB-0_gdna_genome_2537268_amp	.	2.0477055E7	0.0	0.0	0.0	2
S047_SZ20250522068WHB-0_gdna_genome_2537268_amp	.	2.0765464E7	0.0	0.0	0.0	2
S047_SZ20250522068WHB-0_gdna_genome_2537268_amp	.	2.1053873E7	0.0	0.0	0.0	2
S047_SZ20250522068WHB-0_gdna_genome_2537268_amp	.	2.1342283E7	0.0	0.0	0.0	2
S047_SZ20250522068WHB-0_gdna_genome_2537268_amp	.	2.1630692E7	0.0	0.0	0.0	2
S047_SZ20250522068WHB-0_gdna_genome_2537268_amp	.	2.1919101E7	0.0	0.0	0.0	2
S047_SZ20250522068WHB-0_gdna_genome_2537268_amp	.	2.220751E7	0.0	0.0	0.0	2
S047_SZ20250522068WHB-0_gdna_genome_2537268_amp	.	2.2495919E7	0.0	0.0	0.0	2
S047_SZ20250522068WHB-0_gdna_genome_2537268_amp	.	2.2784329E7	0.0	0.0	0.0	2
S047_SZ20250522068WHB-0_gdna_genome_2537268_amp	.	2.3072738E7	0.0	0.0	0.0	2
S047_SZ20250522068WHB-0_gdna_genome_2537268_amp	.	2.3361147E7	0.0	0.0	0.0	2
S047_SZ20250522068WHB-0_gdna_genome_2537268_amp	.	2.3649556E7	0.0	0.0	0.0	2
S047_SZ20250522068WHB-0_gdna_genome_2537268_amp	.	2.3937966E7	0.0	0.0	0.0	2
S047_SZ20250522068WHB-0_gdna_genome_2537268_amp	.	2.4226375E7	0.0	0.0	0.0	2
S047_SZ20250522068WHB-0_gdna_genome_2537268_amp	.	2.4514784E7	0.0	0.0	0.0	2
S047_SZ20250522068WHB-0_gdna_genome_2537268_amp	.	2.4803193E7	0.0	0.0	0.0	2
S047_SZ20250522068WHB-0_gdna_genome_2537268_amp	.	2.5091603E7	0.0	0.0	0.0	2
S047_SZ20250522068WHB-0_gdna_genome_2537268_amp	.	2.5380012E7	0.0	0.0	0.0	2
S047_SZ20250522068WHB-0_gdna_genome_2537268_amp	.	2.5668421E7	0.0	0.0	0.0	2
S047_SZ20250522068WHB-0_gdna_genome_2537268_amp	.	2.595683E7	0.0	0.0	0.0	2
S047_SZ20250522068WHB-0_gdna_genome_2537268_amp	.	2.6245239E7	0.0	0.0	0.0	2
S047_SZ20250522068WHB-0_gdna_genome_2537268_amp	.	2.6533649E7	0.0	0.0	0.0	2
S047_SZ20250522068WHB-0_gdna_genome_2537268_amp	.	2.6822058E7	0.0	0.0	0.0	2
S047_SZ20250522068WHB-0_gdna_genome_2537268_amp	.	2.7110467E7	0.0	0.0	0.0	2
S047_SZ20250522068WHB-0_gdna_genome_2537268_amp	.	2.7398876E7	0.0	0.0	0.0	2
S047_SZ20250522068WHB-0_gdna_genome_2537268_amp	.	2.7687286E7	0.0	0.0	0.0	2
S047_SZ20250522068WHB-0_gdna_genome_2537268_amp	.	2.7975695E7	0.0	0.0	0.0	2
S047_SZ20250522068WHB-0_gdna_genome_2537268_amp	.	2.8264104E7	0.0	0.0	0.0	2
S047_SZ20250522068WHB-0_gdna_genome_2537268_amp	.	2.8552513E7	0.0	0.0	0.0	2
S047_SZ20250522068WHB-0_gdna_genome_2537268_amp	.	2.8840923E7	0.0	0.0	0.0	2
S047_SZ20250522068WHB-0_gdna_genome_2537268_rna	.	0.0	0.0	0.0	0.0	0
S047_SZ20250522068WHB-0_gdna_genome_2537268_rna	.	288409.0	4362.0	4293.4	4430.6	0
S047_SZ20250522068WHB-0_gdna_genome_2537268_rna	.	576818.0	5261.0	5192.4	5329.6	0
S047_SZ20250522068WHB-0_gdna_genome_2537268_rna	.	865227.0	5763.0	5696.36	5829.64	0
S047_SZ20250522068WHB-0_gdna_genome_2537268_rna	.	1153636.0	6096.0	6033.28	6158.72	0
S047_SZ20250522068WHB-0_gdna_genome_2537268_rna	.	1442046.0	6340.0	6279.24	6400.76	0
S047_SZ20250522068WHB-0_gdna_genome_2537268_rna	.	1730455.0	6531.0	6472.2	6589.8	0
S047_SZ20250522068WHB-0_gdna_genome_2537268_rna	.	2018864.0	6689.0	6632.16	6745.84	0
S047_SZ20250522068WHB-0_gdna_genome_2537268_rna	.	2307273.0	6824.0	6769.12	6878.88	0
S047_SZ20250522068WHB-0_gdna_genome_2537268_rna	.	2595683.0	6942.0	6891.04	6992.96	0
S047_SZ20250522068WHB-0_gdna_genome_2537268_rna	.	2884092.0	7047.0	6998.0	7096.0	0
S047_SZ20250522068WHB-0_gdna_genome_2537268_rna	.	3172501.0	7142.0	7094.96	7189.04	0
S047_SZ20250522068WHB-0_gdna_genome_2537268_rna	.	3460910.0	7229.0	7183.92	7274.08	0
S047_SZ20250522068WHB-0_gdna_genome_2537268_rna	.	3749319.0	7309.0	7265.88	7352.12	0
S047_SZ20250522068WHB-0_gdna_genome_2537268_rna	.	4037729.0	7384.0	7342.84	7425.16	0
S047_SZ20250522068WHB-0_gdna_genome_2537268_rna	.	4326138.0	7454.0	7414.8	7493.2	0
S047_SZ20250522068WHB-0_gdna_genome_2537268_rna	.	4614547.0	7519.0	7481.76	7556.24	0
S047_SZ20250522068WHB-0_gdna_genome_2537268_rna	.	4902956.0	7581.0	7545.72	7616.28	0
S047_SZ20250522068WHB-0_gdna_genome_2537268_rna	.	5191366.0	7639.0	7605.68	7672.32	0
S047_SZ20250522068WHB-0_gdna_genome_2537268_rna	.	5479775.0	7694.0	7660.68	7727.32	0
S047_SZ20250522068WHB-0_gdna_genome_2537268_rna	.	5768184.0	7746.0	7714.64	7777.36	0
S047_SZ20250522068WHB-0_gdna_genome_2537268_rna	.	6056593.0	7796.0	7766.6	7825.4	0
S047_SZ20250522068WHB-0_gdna_genome_2537268_rna	.	6345003.0	7844.0	7816.56	7871.44	0
S047_SZ20250522068WHB-0_gdna_genome_2537268_rna	.	6633412.0	7889.0	7863.52	7914.48	0
S047_SZ20250522068WHB-0_gdna_genome_2537268_rna	.	6921821.0	7932.0	7906.52	7957.48	0
S047_SZ20250522068WHB-0_gdna_genome_2537268_rna	.	7210230.0	7973.0	7949.48	7996.52	0
S047_SZ20250522068WHB-0_gdna_genome_2537268_rna	.	7498639.0	8012.0	7990.44	8033.56	0
S047_SZ20250522068WHB-0_gdna_genome_2537268_rna	.	7787049.0	8050.0	8028.44	8071.56	0
S047_SZ20250522068WHB-0_gdna_genome_2537268_rna	.	8075458.0	8085.0	8065.4	8104.6	0
S047_SZ20250522068WHB-0_gdna_genome_2537268_rna	.	8363867.0	8120.0	8102.36	8137.64	0
S047_SZ20250522068WHB-0_gdna_genome_2537268_rna	.	8652276.0	8152.0	8134.36	8169.64	0
S047_SZ20250522068WHB-0_gdna_genome_2537268_rna	.	8940686.0	8183.0	8167.32	8198.68	0
S047_SZ20250522068WHB-0_gdna_genome_2537268_rna	.	9229095.0	8213.0	8197.32	8228.68	0
S047_SZ20250522068WHB-0_gdna_genome_2537268_rna	.	9517504.0	8242.0	8228.28	8255.72	0
S047_SZ20250522068WHB-0_gdna_genome_2537268_rna	.	9805913.0	8269.0	8255.28	8282.72	0
S047_SZ20250522068WHB-0_gdna_genome_2537268_rna	.	1.0094323E7	8295.0	8283.24	8306.76	0
S047_SZ20250522068WHB-0_gdna_genome_2537268_rna	.	1.0382732E7	8319.0	8307.24	8330.76	0
S047_SZ20250522068WHB-0_gdna_genome_2537268_rna	.	1.0671141E7	8342.0	8332.2	8351.8	0
S047_SZ20250522068WHB-0_gdna_genome_2537268_rna	.	1.095955E7	8365.0	8355.2	8374.8	0
S047_SZ20250522068WHB-0_gdna_genome_2537268_rna	.	1.1247959E7	8386.0	8378.16	8393.84	0
S047_SZ20250522068WHB-0_gdna_genome_2537268_rna	.	1.1536369E7	8406.0	8398.16	8413.84	0
S047_SZ20250522068WHB-0_gdna_genome_2537268_rna	.	1.1824778E7	8425.0	8417.16	8432.84	0
S047_SZ20250522068WHB-0_gdna_genome_2537268_rna	.	1.2113187E7	8443.0	8437.12	8448.88	0
S047_SZ20250522068WHB-0_gdna_genome_2537268_rna	.	1.2401596E7	8459.0	8453.12	8464.88	0
S047_SZ20250522068WHB-0_gdna_genome_2537268_rna	.	1.2690006E7	8475.0	8469.12	8480.88	0
S047_SZ20250522068WHB-0_gdna_genome_2537268_rna	.	1.2978415E7	8490.0	8486.08	8493.92	0
S047_SZ20250522068WHB-0_gdna_genome_2537268_rna	.	1.3266824E7	8504.0	8500.08	8507.92	0
S047_SZ20250522068WHB-0_gdna_genome_2537268_rna	.	1.3555233E7	8517.0	8513.08	8520.92	0
S047_SZ20250522068WHB-0_gdna_genome_2537268_rna	.	1.3843643E7	8529.0	8527.04	8530.96	0
S047_SZ20250522068WHB-0_gdna_genome_2537268_rna	.	1.4132052E7	8540.0	8538.04	8541.96	0
S047_SZ20250522068WHB-0_gdna_genome_2537268_rna	.	1.4420461E7	8551.0	8549.04	8552.96	0
S047_SZ20250522068WHB-0_gdna_genome_2537268_rna	.	1.470887E7	8560.0	8558.04	8561.96	0
S047_SZ20250522068WHB-0_gdna_genome_2537268_rna	.	1.4997279E7	8569.0	8569.0	8569.0	0
S047_SZ20250522068WHB-0_gdna_genome_2537268_rna	.	1.5285689E7	8576.0	8576.0	8576.0	0
S047_SZ20250522068WHB-0_gdna_genome_2537268_rna	.	1.5574098E7	8583.0	8583.0	8583.0	0
S047_SZ20250522068WHB-0_gdna_genome_2537268_rna	.	1.5862507E7	8589.0	8589.0	8589.0	0
S047_SZ20250522068WHB-0_gdna_genome_2537268_rna	.	1.6150916E7	8595.0	8595.0	8595.0	0
S047_SZ20250522068WHB-0_gdna_genome_2537268_rna	.	1.6439326E7	8599.0	8599.0	8599.0	0
S047_SZ20250522068WHB-0_gdna_genome_2537268_rna	.	1.6727735E7	8603.0	8603.0	8603.0	0
S047_SZ20250522068WHB-0_gdna_genome_2537268_rna	.	1.7016144E7	8606.0	8606.0	8606.0	0
S047_SZ20250522068WHB-0_gdna_genome_2537268_rna	.	1.7304553E7	8608.0	8608.0	8608.0	0
S047_SZ20250522068WHB-0_gdna_genome_2537268_rna	.	1.7592963E7	8610.0	8610.0	8610.0	0
S047_SZ20250522068WHB-0_gdna_genome_2537268_rna	.	1.7881372E7	8610.0	8610.0	8610.0	0
S047_SZ20250522068WHB-0_gdna_genome_2537268_rna	.	1.8045108E7	8611.0	8611.0	8611.0	1
S047_SZ20250522068WHB-0_gdna_genome_2537268_rna	.	1.8169781E7	0.0	0.0	0.0	2
S047_SZ20250522068WHB-0_gdna_genome_2537268_rna	.	1.845819E7	0.0	0.0	0.0	2
S047_SZ20250522068WHB-0_gdna_genome_2537268_rna	.	1.8746599E7	0.0	0.0	0.0	2
S047_SZ20250522068WHB-0_gdna_genome_2537268_rna	.	1.9035009E7	0.0	0.0	0.0	2
S047_SZ20250522068WHB-0_gdna_genome_2537268_rna	.	1.9323418E7	0.0	0.0	0.0	2
S047_SZ20250522068WHB-0_gdna_genome_2537268_rna	.	1.9611827E7	0.0	0.0	0.0	2
S047_SZ20250522068WHB-0_gdna_genome_2537268_rna	.	1.9900236E7	0.0	0.0	0.0	2
S047_SZ20250522068WHB-0_gdna_genome_2537268_rna	.	2.0188646E7	0.0	0.0	0.0	2
S047_SZ20250522068WHB-0_gdna_genome_2537268_rna	.	2.0477055E7	0.0	0.0	0.0	2
S047_SZ20250522068WHB-0_gdna_genome_2537268_rna	.	2.0765464E7	0.0	0.0	0.0	2
S047_SZ20250522068WHB-0_gdna_genome_2537268_rna	.	2.1053873E7	0.0	0.0	0.0	2
S047_SZ20250522068WHB-0_gdna_genome_2537268_rna	.	2.1342283E7	0.0	0.0	0.0	2
S047_SZ20250522068WHB-0_gdna_genome_2537268_rna	.	2.1630692E7	0.0	0.0	0.0	2
S047_SZ20250522068WHB-0_gdna_genome_2537268_rna	.	2.1919101E7	0.0	0.0	0.0	2
S047_SZ20250522068WHB-0_gdna_genome_2537268_rna	.	2.220751E7	0.0	0.0	0.0	2
S047_SZ20250522068WHB-0_gdna_genome_2537268_rna	.	2.2495919E7	0.0	0.0	0.0	2
S047_SZ20250522068WHB-0_gdna_genome_2537268_rna	.	2.2784329E7	0.0	0.0	0.0	2
S047_SZ20250522068WHB-0_gdna_genome_2537268_rna	.	2.3072738E7	0.0	0.0	0.0	2
S047_SZ20250522068WHB-0_gdna_genome_2537268_rna	.	2.3361147E7	0.0	0.0	0.0	2
S047_SZ20250522068WHB-0_gdna_genome_2537268_rna	.	2.3649556E7	0.0	0.0	0.0	2
S047_SZ20250522068WHB-0_gdna_genome_2537268_rna	.	2.3937966E7	0.0	0.0	0.0	2
S047_SZ20250522068WHB-0_gdna_genome_2537268_rna	.	2.4226375E7	0.0	0.0	0.0	2
S047_SZ20250522068WHB-0_gdna_genome_2537268_rna	.	2.4514784E7	0.0	0.0	0.0	2
S047_SZ20250522068WHB-0_gdna_genome_2537268_rna	.	2.4803193E7	0.0	0.0	0.0	2
S047_SZ20250522068WHB-0_gdna_genome_2537268_rna	.	2.5091603E7	0.0	0.0	0.0	2
S047_SZ20250522068WHB-0_gdna_genome_2537268_rna	.	2.5380012E7	0.0	0.0	0.0	2
S047_SZ20250522068WHB-0_gdna_genome_2537268_rna	.	2.5668421E7	0.0	0.0	0.0	2
S047_SZ20250522068WHB-0_gdna_genome_2537268_rna	.	2.595683E7	0.0	0.0	0.0	2
S047_SZ20250522068WHB-0_gdna_genome_2537268_rna	.	2.6245239E7	0.0	0.0	0.0	2
S047_SZ20250522068WHB-0_gdna_genome_2537268_rna	.	2.6533649E7	0.0	0.0	0.0	2
S047_SZ20250522068WHB-0_gdna_genome_2537268_rna	.	2.6822058E7	0.0	0.0	0.0	2
S047_SZ20250522068WHB-0_gdna_genome_2537268_rna	.	2.7110467E7	0.0	0.0	0.0	2
S047_SZ20250522068WHB-0_gdna_genome_2537268_rna	.	2.7398876E7	0.0	0.0	0.0	2
S047_SZ20250522068WHB-0_gdna_genome_2537268_rna	.	2.7687286E7	0.0	0.0	0.0	2
S047_SZ20250522068WHB-0_gdna_genome_2537268_rna	.	2.7975695E7	0.0	0.0	0.0	2
S047_SZ20250522068WHB-0_gdna_genome_2537268_rna	.	2.8264104E7	0.0	0.0	0.0	2
S047_SZ20250522068WHB-0_gdna_genome_2537268_rna	.	2.8552513E7	0.0	0.0	0.0	2
S047_SZ20250522068WHB-0_gdna_genome_2537268_rna	.	2.8840923E7	0.0	0.0	0.0	2
S048_SZ20250621039WHB-2_gdna_genome_2537269_amp	.	0.0	0.0	0.0	0.0	0
S048_SZ20250621039WHB-2_gdna_genome_2537269_amp	.	288409.0	16309.0	16154.16	16463.84	0
S048_SZ20250621039WHB-2_gdna_genome_2537269_amp	.	576818.0	19683.0	19532.08	19833.92	0
S048_SZ20250621039WHB-2_gdna_genome_2537269_amp	.	865227.0	22027.0	21881.96	22172.04	0
S048_SZ20250621039WHB-2_gdna_genome_2537269_amp	.	1153636.0	23826.0	23684.88	23967.12	0
S048_SZ20250621039WHB-2_gdna_genome_2537269_amp	.	1442046.0	25273.0	25135.8	25410.2	0
S048_SZ20250621039WHB-2_gdna_genome_2537269_amp	.	1730455.0	26472.0	26338.72	26605.28	0
S048_SZ20250621039WHB-2_gdna_genome_2537269_amp	.	2018864.0	27488.0	27358.64	27617.36	0
S048_SZ20250621039WHB-2_gdna_genome_2537269_amp	.	2307273.0	28363.0	28237.56	28488.44	0
S048_SZ20250621039WHB-2_gdna_genome_2537269_amp	.	2595683.0	29128.0	29004.52	29251.48	0
S048_SZ20250621039WHB-2_gdna_genome_2537269_amp	.	2884092.0	29805.0	29685.44	29924.56	0
S048_SZ20250621039WHB-2_gdna_genome_2537269_amp	.	3172501.0	30410.0	30294.36	30525.64	0
S048_SZ20250621039WHB-2_gdna_genome_2537269_amp	.	3460910.0	30956.0	30844.28	31067.72	0
S048_SZ20250621039WHB-2_gdna_genome_2537269_amp	.	3749319.0	31452.0	31344.2	31559.8	0
S048_SZ20250621039WHB-2_gdna_genome_2537269_amp	.	4037729.0	31906.0	31800.16	32011.84	0
S048_SZ20250621039WHB-2_gdna_genome_2537269_amp	.	4326138.0	32323.0	32221.08	32424.92	0
S048_SZ20250621039WHB-2_gdna_genome_2537269_amp	.	4614547.0	32710.0	32612.0	32808.0	0
S048_SZ20250621039WHB-2_gdna_genome_2537269_amp	.	4902956.0	33070.0	32973.96	33166.04	0
S048_SZ20250621039WHB-2_gdna_genome_2537269_amp	.	5191366.0	33407.0	33314.88	33499.12	0
S048_SZ20250621039WHB-2_gdna_genome_2537269_amp	.	5479775.0	33722.0	33631.84	33812.16	0
S048_SZ20250621039WHB-2_gdna_genome_2537269_amp	.	5768184.0	34019.0	33932.76	34105.24	0
S048_SZ20250621039WHB-2_gdna_genome_2537269_amp	.	6056593.0	34299.0	34214.72	34383.28	0
S048_SZ20250621039WHB-2_gdna_genome_2537269_amp	.	6345003.0	34564.0	34483.64	34644.36	0
S048_SZ20250621039WHB-2_gdna_genome_2537269_amp	.	6633412.0	34815.0	34736.6	34893.4	0
S048_SZ20250621039WHB-2_gdna_genome_2537269_amp	.	6921821.0	35054.0	34979.52	35128.48	0
S048_SZ20250621039WHB-2_gdna_genome_2537269_amp	.	7210230.0	35281.0	35208.48	35353.52	0
S048_SZ20250621039WHB-2_gdna_genome_2537269_amp	.	7498639.0	35498.0	35427.44	35568.56	0
S048_SZ20250621039WHB-2_gdna_genome_2537269_amp	.	7787049.0	35705.0	35638.36	35771.64	0
S048_SZ20250621039WHB-2_gdna_genome_2537269_amp	.	8075458.0	35904.0	35839.32	35968.68	0
S048_SZ20250621039WHB-2_gdna_genome_2537269_amp	.	8363867.0	36093.0	36030.28	36155.72	0
S048_SZ20250621039WHB-2_gdna_genome_2537269_amp	.	8652276.0	36275.0	36214.24	36335.76	0
S048_SZ20250621039WHB-2_gdna_genome_2537269_amp	.	8940686.0	36450.0	36391.2	36508.8	0
S048_SZ20250621039WHB-2_gdna_genome_2537269_amp	.	9229095.0	36617.0	36562.12	36671.88	0
S048_SZ20250621039WHB-2_gdna_genome_2537269_amp	.	9517504.0	36778.0	36725.08	36830.92	0
S048_SZ20250621039WHB-2_gdna_genome_2537269_amp	.	9805913.0	36933.0	36882.04	36983.96	0
S048_SZ20250621039WHB-2_gdna_genome_2537269_amp	.	1.0094323E7	37082.0	37033.0	37131.0	0
S048_SZ20250621039WHB-2_gdna_genome_2537269_amp	.	1.0382732E7	37225.0	37177.96	37272.04	0
S048_SZ20250621039WHB-2_gdna_genome_2537269_amp	.	1.0671141E7	37362.0	37316.92	37407.08	0
S048_SZ20250621039WHB-2_gdna_genome_2537269_amp	.	1.095955E7	37495.0	37451.88	37538.12	0
S048_SZ20250621039WHB-2_gdna_genome_2537269_amp	.	1.1247959E7	37623.0	37581.84	37664.16	0
S048_SZ20250621039WHB-2_gdna_genome_2537269_amp	.	1.1536369E7	37746.0	37706.8	37785.2	0
S048_SZ20250621039WHB-2_gdna_genome_2537269_amp	.	1.1824778E7	37864.0	37826.76	37901.24	0
S048_SZ20250621039WHB-2_gdna_genome_2537269_amp	.	1.2113187E7	37978.0	37942.72	38013.28	0
S048_SZ20250621039WHB-2_gdna_genome_2537269_amp	.	1.2401596E7	38088.0	38054.68	38121.32	0
S048_SZ20250621039WHB-2_gdna_genome_2537269_amp	.	1.2690006E7	38193.0	38161.64	38224.36	0
S048_SZ20250621039WHB-2_gdna_genome_2537269_amp	.	1.2978415E7	38295.0	38265.6	38324.4	0
S048_SZ20250621039WHB-2_gdna_genome_2537269_amp	.	1.3266824E7	38393.0	38363.6	38422.4	0
S048_SZ20250621039WHB-2_gdna_genome_2537269_amp	.	1.3555233E7	38487.0	38459.56	38514.44	0
S048_SZ20250621039WHB-2_gdna_genome_2537269_amp	.	1.3843643E7	38578.0	38552.52	38603.48	0
S048_SZ20250621039WHB-2_gdna_genome_2537269_amp	.	1.4132052E7	38665.0	38641.48	38688.52	0
S048_SZ20250621039WHB-2_gdna_genome_2537269_amp	.	1.4420461E7	38749.0	38725.48	38772.52	0
S048_SZ20250621039WHB-2_gdna_genome_2537269_amp	.	1.470887E7	38829.0	38807.44	38850.56	0
S048_SZ20250621039WHB-2_gdna_genome_2537269_amp	.	1.4997279E7	38906.0	38886.4	38925.6	0
S048_SZ20250621039WHB-2_gdna_genome_2537269_amp	.	1.5285689E7	38980.0	38960.4	38999.6	0
S048_SZ20250621039WHB-2_gdna_genome_2537269_amp	.	1.5574098E7	39051.0	39033.36	39068.64	0
S048_SZ20250621039WHB-2_gdna_genome_2537269_amp	.	1.5862507E7	39119.0	39103.32	39134.68	0
S048_SZ20250621039WHB-2_gdna_genome_2537269_amp	.	1.6150916E7	39185.0	39169.32	39200.68	0
S048_SZ20250621039WHB-2_gdna_genome_2537269_amp	.	1.6439326E7	39247.0	39233.28	39260.72	0
S048_SZ20250621039WHB-2_gdna_genome_2537269_amp	.	1.6727735E7	39306.0	39292.28	39319.72	0
S048_SZ20250621039WHB-2_gdna_genome_2537269_amp	.	1.7016144E7	39363.0	39351.24	39374.76	0
S048_SZ20250621039WHB-2_gdna_genome_2537269_amp	.	1.7304553E7	39417.0	39405.24	39428.76	0
S048_SZ20250621039WHB-2_gdna_genome_2537269_amp	.	1.7592963E7	39468.0	39458.2	39477.8	0
S048_SZ20250621039WHB-2_gdna_genome_2537269_amp	.	1.7881372E7	39517.0	39507.2	39526.8	0
S048_SZ20250621039WHB-2_gdna_genome_2537269_amp	.	1.8169781E7	39563.0	39555.16	39570.84	0
S048_SZ20250621039WHB-2_gdna_genome_2537269_amp	.	1.845819E7	39607.0	39599.16	39614.84	0
S048_SZ20250621039WHB-2_gdna_genome_2537269_amp	.	1.8746599E7	39648.0	39642.12	39653.88	0
S048_SZ20250621039WHB-2_gdna_genome_2537269_amp	.	1.9035009E7	39687.0	39681.12	39692.88	0
S048_SZ20250621039WHB-2_gdna_genome_2537269_amp	.	1.9323418E7	39724.0	39718.12	39729.88	0
S048_SZ20250621039WHB-2_gdna_genome_2537269_amp	.	1.9611827E7	39758.0	39754.08	39761.92	0
S048_SZ20250621039WHB-2_gdna_genome_2537269_amp	.	1.9900236E7	39790.0	39786.08	39793.92	0
S048_SZ20250621039WHB-2_gdna_genome_2537269_amp	.	2.0188646E7	39819.0	39815.08	39822.92	0
S048_SZ20250621039WHB-2_gdna_genome_2537269_amp	.	2.0477055E7	39847.0	39845.04	39848.96	0
S048_SZ20250621039WHB-2_gdna_genome_2537269_amp	.	2.0765464E7	39872.0	39870.04	39873.96	0
S048_SZ20250621039WHB-2_gdna_genome_2537269_amp	.	2.1053873E7	39895.0	39893.04	39896.96	0
S048_SZ20250621039WHB-2_gdna_genome_2537269_amp	.	2.1342283E7	39916.0	39914.04	39917.96	0
S048_SZ20250621039WHB-2_gdna_genome_2537269_amp	.	2.1630692E7	39934.0	39934.0	39934.0	0
S048_SZ20250621039WHB-2_gdna_genome_2537269_amp	.	2.1919101E7	39951.0	39951.0	39951.0	0
S048_SZ20250621039WHB-2_gdna_genome_2537269_amp	.	2.220751E7	39966.0	39966.0	39966.0	0
S048_SZ20250621039WHB-2_gdna_genome_2537269_amp	.	2.2495919E7	39978.0	39978.0	39978.0	0
S048_SZ20250621039WHB-2_gdna_genome_2537269_amp	.	2.2784329E7	39989.0	39989.0	39989.0	0
S048_SZ20250621039WHB-2_gdna_genome_2537269_amp	.	2.3072738E7	39997.0	39997.0	39997.0	0
S048_SZ20250621039WHB-2_gdna_genome_2537269_amp	.	2.3361147E7	40004.0	40004.0	40004.0	0
S048_SZ20250621039WHB-2_gdna_genome_2537269_amp	.	2.3649556E7	40009.0	40009.0	40009.0	0
S048_SZ20250621039WHB-2_gdna_genome_2537269_amp	.	2.3937966E7	40012.0	40012.0	40012.0	0
S048_SZ20250621039WHB-2_gdna_genome_2537269_amp	.	2.4221044E7	40013.0	40013.0	40013.0	1
S048_SZ20250621039WHB-2_gdna_genome_2537269_amp	.	2.4226375E7	0.0	0.0	0.0	2
S048_SZ20250621039WHB-2_gdna_genome_2537269_amp	.	2.4514784E7	0.0	0.0	0.0	2
S048_SZ20250621039WHB-2_gdna_genome_2537269_amp	.	2.4803193E7	0.0	0.0	0.0	2
S048_SZ20250621039WHB-2_gdna_genome_2537269_amp	.	2.5091603E7	0.0	0.0	0.0	2
S048_SZ20250621039WHB-2_gdna_genome_2537269_amp	.	2.5380012E7	0.0	0.0	0.0	2
S048_SZ20250621039WHB-2_gdna_genome_2537269_amp	.	2.5668421E7	0.0	0.0	0.0	2
S048_SZ20250621039WHB-2_gdna_genome_2537269_amp	.	2.595683E7	0.0	0.0	0.0	2
S048_SZ20250621039WHB-2_gdna_genome_2537269_amp	.	2.6245239E7	0.0	0.0	0.0	2
S048_SZ20250621039WHB-2_gdna_genome_2537269_amp	.	2.6533649E7	0.0	0.0	0.0	2
S048_SZ20250621039WHB-2_gdna_genome_2537269_amp	.	2.6822058E7	0.0	0.0	0.0	2
S048_SZ20250621039WHB-2_gdna_genome_2537269_amp	.	2.7110467E7	0.0	0.0	0.0	2
S048_SZ20250621039WHB-2_gdna_genome_2537269_amp	.	2.7398876E7	0.0	0.0	0.0	2
S048_SZ20250621039WHB-2_gdna_genome_2537269_amp	.	2.7687286E7	0.0	0.0	0.0	2
S048_SZ20250621039WHB-2_gdna_genome_2537269_amp	.	2.7975695E7	0.0	0.0	0.0	2
S048_SZ20250621039WHB-2_gdna_genome_2537269_amp	.	2.8264104E7	0.0	0.0	0.0	2
S048_SZ20250621039WHB-2_gdna_genome_2537269_amp	.	2.8552513E7	0.0	0.0	0.0	2
S048_SZ20250621039WHB-2_gdna_genome_2537269_amp	.	2.8840923E7	0.0	0.0	0.0	2
S048_SZ20250621039WHB-2_gdna_genome_2537269_rna	.	0.0	0.0	0.0	0.0	0
S048_SZ20250621039WHB-2_gdna_genome_2537269_rna	.	288409.0	16304.0	16149.16	16458.84	0
S048_SZ20250621039WHB-2_gdna_genome_2537269_rna	.	576818.0	19674.0	19523.08	19824.92	0
S048_SZ20250621039WHB-2_gdna_genome_2537269_rna	.	865227.0	22015.0	21869.96	22160.04	0
S048_SZ20250621039WHB-2_gdna_genome_2537269_rna	.	1153636.0	23812.0	23670.88	23953.12	0
S048_SZ20250621039WHB-2_gdna_genome_2537269_rna	.	1442046.0	25256.0	25118.8	25393.2	0
S048_SZ20250621039WHB-2_gdna_genome_2537269_rna	.	1730455.0	26454.0	26320.72	26587.28	0
S048_SZ20250621039WHB-2_gdna_genome_2537269_rna	.	2018864.0	27469.0	27339.64	27598.36	0
S048_SZ20250621039WHB-2_gdna_genome_2537269_rna	.	2307273.0	28343.0	28217.56	28468.44	0
S048_SZ20250621039WHB-2_gdna_genome_2537269_rna	.	2595683.0	29108.0	28984.52	29231.48	0
S048_SZ20250621039WHB-2_gdna_genome_2537269_rna	.	2884092.0	29785.0	29665.44	29904.56	0
S048_SZ20250621039WHB-2_gdna_genome_2537269_rna	.	3172501.0	30390.0	30274.36	30505.64	0
S048_SZ20250621039WHB-2_gdna_genome_2537269_rna	.	3460910.0	30935.0	30823.28	31046.72	0
S048_SZ20250621039WHB-2_gdna_genome_2537269_rna	.	3749319.0	31432.0	31322.24	31541.76	0
S048_SZ20250621039WHB-2_gdna_genome_2537269_rna	.	4037729.0	31886.0	31780.16	31991.84	0
S048_SZ20250621039WHB-2_gdna_genome_2537269_rna	.	4326138.0	32304.0	32202.08	32405.92	0
S048_SZ20250621039WHB-2_gdna_genome_2537269_rna	.	4614547.0	32691.0	32591.04	32790.96	0
S048_SZ20250621039WHB-2_gdna_genome_2537269_rna	.	4902956.0	33052.0	32955.96	33148.04	0
S048_SZ20250621039WHB-2_gdna_genome_2537269_rna	.	5191366.0	33389.0	33296.88	33481.12	0
S048_SZ20250621039WHB-2_gdna_genome_2537269_rna	.	5479775.0	33705.0	33614.84	33795.16	0
S048_SZ20250621039WHB-2_gdna_genome_2537269_rna	.	5768184.0	34002.0	33915.76	34088.24	0
S048_SZ20250621039WHB-2_gdna_genome_2537269_rna	.	6056593.0	34283.0	34198.72	34367.28	0
S048_SZ20250621039WHB-2_gdna_genome_2537269_rna	.	6345003.0	34548.0	34467.64	34628.36	0
S048_SZ20250621039WHB-2_gdna_genome_2537269_rna	.	6633412.0	34800.0	34721.6	34878.4	0
S048_SZ20250621039WHB-2_gdna_genome_2537269_rna	.	6921821.0	35040.0	34963.56	35116.44	0
S048_SZ20250621039WHB-2_gdna_genome_2537269_rna	.	7210230.0	35268.0	35195.48	35340.52	0
S048_SZ20250621039WHB-2_gdna_genome_2537269_rna	.	7498639.0	35486.0	35415.44	35556.56	0
S048_SZ20250621039WHB-2_gdna_genome_2537269_rna	.	7787049.0	35694.0	35625.4	35762.6	0
S048_SZ20250621039WHB-2_gdna_genome_2537269_rna	.	8075458.0	35892.0	35827.32	35956.68	0
S048_SZ20250621039WHB-2_gdna_genome_2537269_rna	.	8363867.0	36083.0	36020.28	36145.72	0
S048_SZ20250621039WHB-2_gdna_genome_2537269_rna	.	8652276.0	36265.0	36204.24	36325.76	0
S048_SZ20250621039WHB-2_gdna_genome_2537269_rna	.	8940686.0	36441.0	36382.2	36499.8	0
S048_SZ20250621039WHB-2_gdna_genome_2537269_rna	.	9229095.0	36609.0	36554.12	36663.88	0
S048_SZ20250621039WHB-2_gdna_genome_2537269_rna	.	9517504.0	36770.0	36717.08	36822.92	0
S048_SZ20250621039WHB-2_gdna_genome_2537269_rna	.	9805913.0	36926.0	36875.04	36976.96	0
S048_SZ20250621039WHB-2_gdna_genome_2537269_rna	.	1.0094323E7	37075.0	37026.0	37124.0	0
S048_SZ20250621039WHB-2_gdna_genome_2537269_rna	.	1.0382732E7	37219.0	37171.96	37266.04	0
S048_SZ20250621039WHB-2_gdna_genome_2537269_rna	.	1.0671141E7	37357.0	37311.92	37402.08	0
S048_SZ20250621039WHB-2_gdna_genome_2537269_rna	.	1.095955E7	37490.0	37446.88	37533.12	0
S048_SZ20250621039WHB-2_gdna_genome_2537269_rna	.	1.1247959E7	37619.0	37577.84	37660.16	0
S048_SZ20250621039WHB-2_gdna_genome_2537269_rna	.	1.1536369E7	37742.0	37702.8	37781.2	0
S048_SZ20250621039WHB-2_gdna_genome_2537269_rna	.	1.1824778E7	37861.0	37823.76	37898.24	0
S048_SZ20250621039WHB-2_gdna_genome_2537269_rna	.	1.2113187E7	37975.0	37939.72	38010.28	0
S048_SZ20250621039WHB-2_gdna_genome_2537269_rna	.	1.2401596E7	38086.0	38052.68	38119.32	0
S048_SZ20250621039WHB-2_gdna_genome_2537269_rna	.	1.2690006E7	38192.0	38160.64	38223.36	0
S048_SZ20250621039WHB-2_gdna_genome_2537269_rna	.	1.2978415E7	38294.0	38264.6	38323.4	0
S048_SZ20250621039WHB-2_gdna_genome_2537269_rna	.	1.3266824E7	38393.0	38363.6	38422.4	0
S048_SZ20250621039WHB-2_gdna_genome_2537269_rna	.	1.3555233E7	38487.0	38459.56	38514.44	0
S048_SZ20250621039WHB-2_gdna_genome_2537269_rna	.	1.3843643E7	38578.0	38552.52	38603.48	0
S048_SZ20250621039WHB-2_gdna_genome_2537269_rna	.	1.4132052E7	38666.0	38642.48	38689.52	0
S048_SZ20250621039WHB-2_gdna_genome_2537269_rna	.	1.4420461E7	38750.0	38726.48	38773.52	0
S048_SZ20250621039WHB-2_gdna_genome_2537269_rna	.	1.470887E7	38831.0	38809.44	38852.56	0
S048_SZ20250621039WHB-2_gdna_genome_2537269_rna	.	1.4997279E7	38908.0	38888.4	38927.6	0
S048_SZ20250621039WHB-2_gdna_genome_2537269_rna	.	1.5285689E7	38983.0	38963.4	39002.6	0
S048_SZ20250621039WHB-2_gdna_genome_2537269_rna	.	1.5574098E7	39054.0	39036.36	39071.64	0
S048_SZ20250621039WHB-2_gdna_genome_2537269_rna	.	1.5862507E7	39122.0	39106.32	39137.68	0
S048_SZ20250621039WHB-2_gdna_genome_2537269_rna	.	1.6150916E7	39188.0	39172.32	39203.68	0
S048_SZ20250621039WHB-2_gdna_genome_2537269_rna	.	1.6439326E7	39250.0	39236.28	39263.72	0
S048_SZ20250621039WHB-2_gdna_genome_2537269_rna	.	1.6727735E7	39310.0	39296.28	39323.72	0
S048_SZ20250621039WHB-2_gdna_genome_2537269_rna	.	1.7016144E7	39367.0	39355.24	39378.76	0
S048_SZ20250621039WHB-2_gdna_genome_2537269_rna	.	1.7304553E7	39421.0	39409.24	39432.76	0
S048_SZ20250621039WHB-2_gdna_genome_2537269_rna	.	1.7592963E7	39473.0	39463.2	39482.8	0
S048_SZ20250621039WHB-2_gdna_genome_2537269_rna	.	1.7881372E7	39522.0	39512.2	39531.8	0
S048_SZ20250621039WHB-2_gdna_genome_2537269_rna	.	1.8169781E7	39568.0	39560.16	39575.84	0
S048_SZ20250621039WHB-2_gdna_genome_2537269_rna	.	1.845819E7	39612.0	39604.16	39619.84	0
S048_SZ20250621039WHB-2_gdna_genome_2537269_rna	.	1.8746599E7	39653.0	39647.12	39658.88	0
S048_SZ20250621039WHB-2_gdna_genome_2537269_rna	.	1.9035009E7	39692.0	39686.12	39697.88	0
S048_SZ20250621039WHB-2_gdna_genome_2537269_rna	.	1.9323418E7	39729.0	39723.12	39734.88	0
S048_SZ20250621039WHB-2_gdna_genome_2537269_rna	.	1.9611827E7	39763.0	39759.08	39766.92	0
S048_SZ20250621039WHB-2_gdna_genome_2537269_rna	.	1.9900236E7	39795.0	39791.08	39798.92	0
S048_SZ20250621039WHB-2_gdna_genome_2537269_rna	.	2.0188646E7	39825.0	39821.08	39828.92	0
S048_SZ20250621039WHB-2_gdna_genome_2537269_rna	.	2.0477055E7	39852.0	39850.04	39853.96	0
S048_SZ20250621039WHB-2_gdna_genome_2537269_rna	.	2.0765464E7	39877.0	39875.04	39878.96	0
S048_SZ20250621039WHB-2_gdna_genome_2537269_rna	.	2.1053873E7	39900.0	39898.04	39901.96	0
S048_SZ20250621039WHB-2_gdna_genome_2537269_rna	.	2.1342283E7	39921.0	39919.04	39922.96	0
S048_SZ20250621039WHB-2_gdna_genome_2537269_rna	.	2.1630692E7	39940.0	39940.0	39940.0	0
S048_SZ20250621039WHB-2_gdna_genome_2537269_rna	.	2.1919101E7	39957.0	39957.0	39957.0	0
S048_SZ20250621039WHB-2_gdna_genome_2537269_rna	.	2.220751E7	39971.0	39971.0	39971.0	0
S048_SZ20250621039WHB-2_gdna_genome_2537269_rna	.	2.2495919E7	39984.0	39984.0	39984.0	0
S048_SZ20250621039WHB-2_gdna_genome_2537269_rna	.	2.2784329E7	39994.0	39994.0	39994.0	0
S048_SZ20250621039WHB-2_gdna_genome_2537269_rna	.	2.3072738E7	40003.0	40003.0	40003.0	0
S048_SZ20250621039WHB-2_gdna_genome_2537269_rna	.	2.3361147E7	40009.0	40009.0	40009.0	0
S048_SZ20250621039WHB-2_gdna_genome_2537269_rna	.	2.3649556E7	40014.0	40014.0	40014.0	0
S048_SZ20250621039WHB-2_gdna_genome_2537269_rna	.	2.3937966E7	40017.0	40017.0	40017.0	0
S048_SZ20250621039WHB-2_gdna_genome_2537269_rna	.	2.420043E7	40018.0	40018.0	40018.0	1
S048_SZ20250621039WHB-2_gdna_genome_2537269_rna	.	2.4226375E7	0.0	0.0	0.0	2
S048_SZ20250621039WHB-2_gdna_genome_2537269_rna	.	2.4514784E7	0.0	0.0	0.0	2
S048_SZ20250621039WHB-2_gdna_genome_2537269_rna	.	2.4803193E7	0.0	0.0	0.0	2
S048_SZ20250621039WHB-2_gdna_genome_2537269_rna	.	2.5091603E7	0.0	0.0	0.0	2
S048_SZ20250621039WHB-2_gdna_genome_2537269_rna	.	2.5380012E7	0.0	0.0	0.0	2
S048_SZ20250621039WHB-2_gdna_genome_2537269_rna	.	2.5668421E7	0.0	0.0	0.0	2
S048_SZ20250621039WHB-2_gdna_genome_2537269_rna	.	2.595683E7	0.0	0.0	0.0	2
S048_SZ20250621039WHB-2_gdna_genome_2537269_rna	.	2.6245239E7	0.0	0.0	0.0	2
S048_SZ20250621039WHB-2_gdna_genome_2537269_rna	.	2.6533649E7	0.0	0.0	0.0	2
S048_SZ20250621039WHB-2_gdna_genome_2537269_rna	.	2.6822058E7	0.0	0.0	0.0	2
S048_SZ20250621039WHB-2_gdna_genome_2537269_rna	.	2.7110467E7	0.0	0.0	0.0	2
S048_SZ20250621039WHB-2_gdna_genome_2537269_rna	.	2.7398876E7	0.0	0.0	0.0	2
S048_SZ20250621039WHB-2_gdna_genome_2537269_rna	.	2.7687286E7	0.0	0.0	0.0	2
S048_SZ20250621039WHB-2_gdna_genome_2537269_rna	.	2.7975695E7	0.0	0.0	0.0	2
S048_SZ20250621039WHB-2_gdna_genome_2537269_rna	.	2.8264104E7	0.0	0.0	0.0	2
S048_SZ20250621039WHB-2_gdna_genome_2537269_rna	.	2.8552513E7	0.0	0.0	0.0	2
S048_SZ20250621039WHB-2_gdna_genome_2537269_rna	.	2.8840923E7	0.0	0.0	0.0	2
