1_sample_id	2_sample_id	div1	div2	div12	div21	count1	count2	count12	count21	freq1	freq2	freq12	freq21	R	Rs	D	F	F2	vJSD	vjJSD	vj2JSD	sJSD	Jaccard	MorisitaHorn	1_metadata_blank	2_metadata_blank
S044_SZ20250508032WHB-2_gdna_genome_2537265_amp	S044_SZ20250508032WHB-2_gdna_genome_2537265_rna	13800	13793	11391	11391	19153190	19141250	19152360	19140790	0.9987496589693979	0.998716102285436	0.9999566651821787	0.9999759681316307	0.9999988894832433	0.9998722696665903	5.98445E-5	0.9999663166103276	0.9999637500989521	8.45371383647886E-5	4.254332275705935E-5	2.6949226414618314E-4	1.3544965355576606E-8	0.7030613505	0.999998927054539	.	.
S044_SZ20250508032WHB-2_gdna_genome_2537265_amp	S045_SZ20250522049WHB-1_gdna_genome_2537266_amp	13800	39390	148	148	19153190	28840923	458492	146610	0.9987496589693979	0.9953664139194154	0.02393815338332675	0.005083401803749484	0.09784678348285208	0.37709628354733804	2.723E-7	0.011031194499565087	0.005601104704631566	0.025769397068578077	0.019485425718675283	0.12478719420315215	0.006263254760724855	0.0027902417	0.0387537924573317	.	.
S044_SZ20250508032WHB-2_gdna_genome_2537265_amp	S045_SZ20250522049WHB-1_gdna_genome_2537266_rna	13800	39327	148	148	19153190	28824471	458492	146590	0.9987496589693979	0.9953201655843086	0.02393815338332675	0.005085609376838171	0.09786543833347916	0.3779345760094092	2.727E-7	0.011033589502534382	0.005602399550237994	0.025828732437231224	0.019501098225906184	0.12489298743654006	0.0062666256236995	0.0027935597	0.03877254103326572	.	.
S044_SZ20250508032WHB-2_gdna_genome_2537265_amp	S046_SZ20250522052WHB-9_gdna_genome_2537267_amp	13800	54067	213	213	19153190	19127750	360891	121383	0.9987496589693979	0.9905275166525548	0.018842344277898375	0.006345911045470586	0.36761326201770145	0.46778612340844267	2.855E-7	0.010934890976853623	0.007295458823985776	0.01977663084138322	0.020891221405941005	0.11826407320624249	0.005948741582824035	0.0031483726	0.35334348927031384	.	.
S044_SZ20250508032WHB-2_gdna_genome_2537265_amp	S046_SZ20250522052WHB-9_gdna_genome_2537267_rna	13800	54012	213	213	19153190	19113733	360891	121329	0.9987496589693979	0.9904325593526035	0.018842344277898375	0.006347739606909857	0.36770166058519566	0.4673854670424464	2.858E-7	0.010936466296745344	0.007296978519570588	0.019706224913139433	0.020842586313284964	0.11816200003955367	0.005960818682109061	0.0031509342	0.35349319544154184	.	.
S044_SZ20250508032WHB-2_gdna_genome_2537265_amp	S047_SZ20250522068WHB-0_gdna_genome_2537268_amp	13800	8606	40	40	19153190	18053240	581367	35837	0.9987496589693979	0.9993294899911771	0.030353533797764235	0.0019850730395208835	0.7468797113794823	0.5928472268721512	3.368E-7	0.0077623438210457875	0.005211338638479726	0.05552400474862096	0.043570473546305256	0.21458901249766613	0.008590179645704878	0.0017884289	0.04946323473843323	.	.
S044_SZ20250508032WHB-2_gdna_genome_2537265_amp	S047_SZ20250522068WHB-0_gdna_genome_2537268_rna	13800	8611	40	40	19153190	18045108	581367	35819	0.9987496589693979	0.9993157400174766	0.030353533797764235	0.001984970109350412	0.7467040388127497	0.5928472268721512	3.366E-7	0.0077621425715919115	0.0052105649837584775	0.05560890490588123	0.04360541189106678	0.214450701092127	0.00860959191625808	0.0017880291	0.04944346455423956	.	.
S044_SZ20250508032WHB-2_gdna_genome_2537265_amp	S048_SZ20250621039WHB-2_gdna_genome_2537269_amp	13800	40013	165	165	19153190	24221044	410043	113988	0.9987496589693979	0.9953765887323365	0.0214086008649212	0.004706155523271409	0.5213961932627043	0.42469033142220597	2.988E-7	0.010037539798474623	0.0062096403140849766	0.04618913651241633	0.031144331665355518	0.15128170899170112	0.005694833775348995	0.0030756039	0.1526903833655404	.	.
S044_SZ20250508032WHB-2_gdna_genome_2537265_amp	S048_SZ20250621039WHB-2_gdna_genome_2537269_rna	13800	40018	165	165	19153190	24200430	410043	113807	0.9987496589693979	0.9952876844382662	0.0214086008649212	0.0047026850349353305	0.5186015503562175	0.4263712927592149	2.988E-7	0.010033838094486502	0.006203970019980894	0.04617315302251405	0.031123893742863184	0.15133076667265663	0.005689227554370741	0.0030753173	0.15185295405319335	.	.
S044_SZ20250508032WHB-2_gdna_genome_2537265_rna	S045_SZ20250522049WHB-1_gdna_genome_2537266_amp	13793	39390	147	147	19141250	28840923	458412	146600	0.998716102285436	0.9953664139194154	0.02394890615816628	0.005083055074208269	0.09716626561293923	0.37567896451707566	2.706E-7	0.011033295471843613	0.0056018380176121405	0.025719437056143112	0.01947304928478446	0.1248477774163714	0.006254308192363558	0.0027717022	0.03873176763078565	.	.
S044_SZ20250508032WHB-2_gdna_genome_2537265_rna	S045_SZ20250522049WHB-1_gdna_genome_2537266_rna	13793	39327	147	147	19141250	28824471	458412	146580	0.998716102285436	0.9953201655843086	0.02394890615816628	0.00508526244939586	0.09718489968920654	0.376527975663123	2.71E-7	0.011035690879606416	0.005603132485202877	0.02576259011819515	0.019480559707350038	0.12484046816741112	0.00625766062578555	0.0027749986	0.03875050591410098	.	.
S044_SZ20250508032WHB-2_gdna_genome_2537265_rna	S046_SZ20250522052WHB-9_gdna_genome_2537267_amp	13793	54067	213	213	19141250	19127750	360802	121383	0.998716102285436	0.9905275166525548	0.01884944818128388	0.006345911045470586	0.3677183779077331	0.46787699496506696	2.856E-7	0.01093695210808911	0.007297069542445347	0.02015005378882304	0.02109539981337402	0.11858182185745493	0.0059386907868600475	0.0031486984	0.3533162914634863	.	.
S044_SZ20250508032WHB-2_gdna_genome_2537265_rna	S046_SZ20250522052WHB-9_gdna_genome_2537267_rna	13793	54012	213	213	19141250	19113733	360802	121329	0.998716102285436	0.9904325593526035	0.01884944818128388	0.006347739606909857	0.3678067768702145	0.46746762381334145	2.859E-7	0.010938527724914842	0.007298587844704238	0.02007292943778613	0.02104336922370825	0.11844983270809178	0.005950750201841681	0.0031512605	0.35346601413197604	.	.
S044_SZ20250508032WHB-2_gdna_genome_2537265_rna	S047_SZ20250522068WHB-0_gdna_genome_2537268_amp	13793	8606	40	40	19141250	18053240	580752	35837	0.998716102285436	0.9993294899911771	0.030340338274668595	0.0019850730395208835	0.7468839993598524	0.6006032816386402	3.37E-7	0.0077606563845455875	0.005210425334836328	0.05575827927516681	0.043715113508764246	0.2149342959768746	0.008585183048444764	0.0017889888	0.049487447556182236	.	.
S044_SZ20250508032WHB-2_gdna_genome_2537265_rna	S047_SZ20250522068WHB-0_gdna_genome_2537268_rna	13793	8611	41	41	19141250	18045108	580770	35821	0.998716102285436	0.9993157400174766	0.030341278652125655	0.001985080942713116	0.7467764628750051	0.5935889614227476	3.452E-7	0.007760792100673934	0.0052099747821127045	0.05584140853578924	0.043748761286222466	0.21477935406045678	0.00860458200139689	0.0018333855	0.049467668249005	.	.
S044_SZ20250508032WHB-2_gdna_genome_2537265_rna	S048_SZ20250621039WHB-2_gdna_genome_2537269_amp	13793	40013	165	165	19141250	24221044	409995	113988	0.998716102285436	0.9953765887323365	0.021419447528243964	0.004706155523271409	0.5213862348709554	0.42453203121075767	2.99E-7	0.010040082235244264	0.00621113509822138	0.046991372727796965	0.031558152629818675	0.15224567595856547	0.005686546049585134	0.0030760053	0.15262092289009993	.	.
S044_SZ20250508032WHB-2_gdna_genome_2537265_rna	S048_SZ20250621039WHB-2_gdna_genome_2537269_rna	13793	40018	165	165	19141250	24200430	409995	113807	0.998716102285436	0.9952876844382662	0.021419447528243964	0.0047026850349353305	0.5185916569956577	0.42619366103097145	2.989E-7	0.010036379593641098	0.006205463570750477	0.04696939145909341	0.03153459083488414	0.1522834778534161	0.0056809037603506125	0.0030757186	0.1517838811554414	.	.
S045_SZ20250522049WHB-1_gdna_genome_2537266_amp	S045_SZ20250522049WHB-1_gdna_genome_2537266_rna	39390	39327	33122	33122	28840923	28824471	28840033	28824025	0.9953664139194154	0.9953201655843086	0.9999691410708215	0.9999845270362088	0.9999973003209938	0.9998278407758256	2.13816E-5	0.9999768340239235	0.9999672007931119	7.444028921730928E-6	3.7630899320101897E-6	1.6366372245864885E-4	3.8621061683096134E-8	0.7264393026	0.9999973215096329	.	.
S045_SZ20250522049WHB-1_gdna_genome_2537266_amp	S046_SZ20250522052WHB-9_gdna_genome_2537267_amp	39390	54067	573	573	28840923	19127750	781308	299654	0.9953664139194154	0.9905275166525548	0.027090256438741515	0.0156659303890944	0.13497573713820732	0.35129001608418625	2.691E-7	0.020600826963790578	0.0119762338611639	0.012590795157126956	0.007520978194398246	0.055794950078890196	0.003220667890612456	0.006168985	0.17253527674184616	.	.
S045_SZ20250522049WHB-1_gdna_genome_2537266_amp	S046_SZ20250522052WHB-9_gdna_genome_2537267_rna	39390	54012	573	573	28840923	19113733	781292	299853	0.9953664139194154	0.9904325593526035	0.027089701671475574	0.015687830315511863	0.134959987185093	0.3518020659328943	2.693E-7	0.02061501014115557	0.011985262484513542	0.012574666864458208	0.0075109206542639745	0.05579523575692951	0.003224831503876112	0.00617264	0.1726819350712121	.	.
S045_SZ20250522049WHB-1_gdna_genome_2537266_amp	S047_SZ20250522068WHB-0_gdna_genome_2537268_amp	39390	8606	86	86	28840923	18053240	79659	568068	0.9953664139194154	0.9993294899911771	0.0027620128523625958	0.03146626311952869	-0.03837921815880646	0.26127305284647184	2.537E-7	0.009322565266704297	0.0027028986492383337	0.04182067787950908	0.0328595273890064	0.1855298031463063	0.009501667279767931	0.0017950324	0.0024411039941187925	.	.
S045_SZ20250522049WHB-1_gdna_genome_2537266_amp	S047_SZ20250522068WHB-0_gdna_genome_2537268_rna	39390	8611	85	85	28840923	18045108	79649	567693	0.9953664139194154	0.9993157400174766	0.002761666122821381	0.031459662086810454	-0.03948489273634391	0.2611451502381743	2.506E-7	0.009321002254079365	0.002700314030157616	0.042022305964105736	0.032969431059481254	0.18551076597963412	0.009541197790857518	0.0017739377	0.0024329359714725302	.	.
S045_SZ20250522049WHB-1_gdna_genome_2537266_amp	S048_SZ20250621039WHB-2_gdna_genome_2537269_amp	39390	40013	448	448	28840923	24221044	633474	503896	0.9953664139194154	0.9953765887323365	0.021964414939147393	0.020804057826739362	0.1241049346808563	0.2911391373573937	2.842E-7	0.02137636448333814	0.010605907942336035	0.04305763147445226	0.022510586249834548	0.09251269932555135	0.0026187070746154784	0.0056741182	0.19804467600208175	.	.
S045_SZ20250522049WHB-1_gdna_genome_2537266_amp	S048_SZ20250621039WHB-2_gdna_genome_2537269_rna	39390	40018	445	445	28840923	24200430	633356	503459	0.9953664139194154	0.9952876844382662	0.02196032353056106	0.0208037212561925	0.12356094273534723	0.2963575478672759	2.823E-7	0.02137420055640906	0.010604952624458826	0.04313703853041937	0.02255587173952285	0.09264818404183305	0.00262036341782144	0.0056355508	0.19802838059991407	.	.
S045_SZ20250522049WHB-1_gdna_genome_2537266_rna	S046_SZ20250522052WHB-9_gdna_genome_2537267_amp	39327	54067	573	573	28824471	19127750	780832	299324	0.9953201655843086	0.9905275166525548	0.0270892048634648	0.015648677967873923	0.13509404586927998	0.35429357084755336	2.695E-7	0.020589080681616766	0.011973125234342368	0.01260590420214748	0.007531544001089496	0.05588249783803978	0.003216117206976406	0.006173172	0.17246822021461733	.	.
S045_SZ20250522049WHB-1_gdna_genome_2537266_rna	S046_SZ20250522052WHB-9_gdna_genome_2537267_rna	39327	54012	574	574	28824471	19113733	780834	299531	0.9953201655843086	0.9904325593526035	0.02708927424895326	0.015670983789508805	0.1352808504442575	0.35495356296925673	2.702E-7	0.020603775809906903	0.011982687162530826	0.012587657613967844	0.007520355671868002	0.05583623828422994	0.0032202248782533696	0.0061876785	0.17261539830929826	.	.
S045_SZ20250522049WHB-1_gdna_genome_2537266_rna	S047_SZ20250522068WHB-0_gdna_genome_2537268_amp	39327	8606	85	85	28824471	18053240	79631	568029	0.9953201655843086	0.9993294899911771	0.0027626179158673873	0.03146410284248146	-0.03942799496926531	0.2614253818589207	2.511E-7	0.009323266284909665	0.002701507695514524	0.0417155175970975	0.03280868704328771	0.1856760306719754	0.00950992151333645	0.0017764588	0.0024400870778561964	.	.
S045_SZ20250522049WHB-1_gdna_genome_2537266_rna	S047_SZ20250522068WHB-0_gdna_genome_2537268_rna	39327	8611	85	85	28824471	18045108	79631	567693	0.9953201655843086	0.9993157400174766	0.0027626179158673873	0.031459662086810454	-0.03951763757006317	0.2614253818589207	2.51E-7	0.009322608331800524	0.0026997907114163834	0.041912814883503006	0.03291632474862561	0.18563622997802934	0.009549420748403935	0.0017762732	0.002431937231055284	.	.
S045_SZ20250522049WHB-1_gdna_genome_2537266_rna	S048_SZ20250621039WHB-2_gdna_genome_2537269_amp	39327	40013	447	447	28824471	24221044	632949	503879	0.9953201655843086	0.9953765887323365	0.021958737768335793	0.020803355957736525	0.1239324364165922	0.29345152411833114	2.841E-7	0.021373241171550993	0.010605675359571515	0.043206755138008264	0.022582101363182172	0.09283631872079533	0.0026206371120763893	0.0056659019	0.1980050834907721	.	.
S045_SZ20250522049WHB-1_gdna_genome_2537266_rna	S048_SZ20250621039WHB-2_gdna_genome_2537269_rna	39327	40018	446	446	28824471	24200430	632861	503467	0.9953201655843086	0.9952876844382662	0.021955684806843456	0.020804051828831084	0.12375639999974376	0.2981847145746224	2.834E-7	0.021372112779485572	0.010605525219136942	0.043263921541046135	0.022616156673263544	0.0929453968314688	0.00262218483017109	0.0056527966	0.19798887091492698	.	.
S046_SZ20250522052WHB-9_gdna_genome_2537267_amp	S046_SZ20250522052WHB-9_gdna_genome_2537267_rna	54067	54012	45813	45813	19127750	19113733	19127303	19113506	0.9905275166525548	0.9904325593526035	0.9999766308111019	0.9999881237223031	0.9999817605098709	0.9998826429967639	1.5688E-5	0.9999823772501913	0.9999693079083359	1.0102279119916452E-5	5.087654371330885E-6	4.4827514221584235E-5	1.0961950898561274E-7	0.7357626955	0.9999861983163241	.	.
S046_SZ20250522052WHB-9_gdna_genome_2537267_amp	S047_SZ20250522068WHB-0_gdna_genome_2537268_amp	54067	8606	134	134	19127750	18053240	66101	380022	0.9905275166525548	0.9993294899911771	0.003455764530590371	0.021050071898451452	0.06442650138511985	0.42253953793997007	2.88E-7	0.008529014704703332	0.004606396191395537	0.03628852133096557	0.032710750097494024	0.16068431406829517	0.008646283914577994	0.002142663	0.03923371013956399	.	.
S046_SZ20250522052WHB-9_gdna_genome_2537267_amp	S047_SZ20250522068WHB-0_gdna_genome_2537268_rna	54067	8611	134	134	19127750	18045108	66101	379740	0.9905275166525548	0.9993157400174766	0.003455764530590371	0.021043930576641598	0.06424525378352645	0.42253953793997007	2.878E-7	0.008527770451352699	0.004605634317410602	0.03639244784618367	0.03277701936506396	0.16051348297561072	0.008645517755502652	0.0021424917	0.03920322748179251	.	.
S046_SZ20250522052WHB-9_gdna_genome_2537267_amp	S048_SZ20250621039WHB-2_gdna_genome_2537269_amp	54067	40013	603	603	19127750	24221044	379826	695519	0.9905275166525548	0.9953765887323365	0.019857327704513063	0.028715483940328863	0.16361054828906135	0.334490871576722	2.787E-7	0.02387912843461403	0.014913336632953144	0.026533863842110202	0.014618997868808548	0.06166605467639003	0.0012885260479283173	0.0064507847	0.282545954583351	.	.
S046_SZ20250522052WHB-9_gdna_genome_2537267_amp	S048_SZ20250621039WHB-2_gdna_genome_2537269_rna	54067	40018	603	603	19127750	24200430	379825	695015	0.9905275166525548	0.9952876844382662	0.019857275424448758	0.028719117800799363	0.16366052221733235	0.335082134633782	2.787E-7	0.02388060786742377	0.01491500271656989	0.026445109182081754	0.014583557511291388	0.061818106120641786	0.001290729155476213	0.0064504397	0.2825163311187244	.	.
S046_SZ20250522052WHB-9_gdna_genome_2537267_rna	S047_SZ20250522068WHB-0_gdna_genome_2537268_amp	54012	8606	134	134	19113733	18053240	66045	380022	0.9904325593526035	0.9993294899911771	0.003455368974757575	0.021050071898451452	0.06405894727746214	0.4231107692129455	2.883E-7	0.008528526564086286	0.004604407207734865	0.03629204671945176	0.03271942775424426	0.16072507563933522	0.008645981225963903	0.002144549	0.039178187420151764	.	.
S046_SZ20250522052WHB-9_gdna_genome_2537267_rna	S047_SZ20250522068WHB-0_gdna_genome_2537268_rna	54012	8611	134	134	19113733	18045108	66045	379740	0.9904325593526035	0.9993157400174766	0.003455368974757575	0.021043930576641598	0.06387807232246008	0.4231107692129455	2.881E-7	0.008527282381947936	0.00460364630404365	0.03639435687557779	0.032784816676320605	0.16054998876149953	0.008645183051821026	0.0021443774	0.03914775983178895	.	.
S046_SZ20250522052WHB-9_gdna_genome_2537267_rna	S048_SZ20250621039WHB-2_gdna_genome_2537269_amp	54012	40013	602	602	19113733	24221044	379522	695517	0.9904325593526035	0.9953765887323365	0.019855985222771492	0.028715401367505	0.16310321800758956	0.3333375998612728	2.786E-7	0.023878286898752422	0.014912545551204737	0.026557534008006967	0.014624948495678212	0.061694536457341236	0.0012930102521438247	0.0064438093	0.2824282280553177	.	.
S046_SZ20250522052WHB-9_gdna_genome_2537267_rna	S048_SZ20250621039WHB-2_gdna_genome_2537269_rna	54012	40018	603	603	19113733	24200430	379529	695015	0.9904325593526035	0.9952876844382662	0.019856351451597646	0.028719117800799363	0.16349399952579033	0.3354392881743792	2.79E-7	0.023880052270305152	0.01491440749378396	0.026457052907892926	0.014583538960838445	0.061822240253459324	0.001295160061838762	0.006454237	0.28239859985823723	.	.
S047_SZ20250522068WHB-0_gdna_genome_2537268_amp	S047_SZ20250522068WHB-0_gdna_genome_2537268_rna	8606	8611	6996	6996	18053240	18045108	18052851	18044849	0.9993294899911771	0.9993157400174766	0.9999784526212474	0.9999856470795447	0.9999978211626623	0.9998917287656903	9.4405E-5	0.9999820498439259	0.9999693423578536	2.8243696182068795E-6	1.610147706303763E-6	6.832894758032051E-5	5.200361591563238E-7	0.6844731435	0.9999978129710674	.	.
S047_SZ20250522068WHB-0_gdna_genome_2537268_amp	S048_SZ20250621039WHB-2_gdna_genome_2537269_amp	8606	40013	84	84	18053240	24221044	280241	64508	0.9993294899911771	0.9953765887323365	0.015523030768992158	0.0026633038608905534	0.1660340807922291	0.5810870751002526	2.439E-7	0.006429817087583415	0.004003903351378197	0.06588867251157067	0.044491152164114804	0.18555335679950077	0.011373965595777172	0.0017307098	0.05939865263864023	.	.
S047_SZ20250522068WHB-0_gdna_genome_2537268_amp	S048_SZ20250621039WHB-2_gdna_genome_2537269_rna	8606	40018	83	83	18053240	24200430	280202	64469	0.9993294899911771	0.9952876844382662	0.015520870491944935	0.0026639609296198463	0.16442609787706305	0.5820741691441755	2.41E-7	0.006430162718332319	0.004003618018912905	0.0656452489496657	0.04438749088763806	0.18527938865460142	0.011437749720294215	0.0017098947	0.05942982246454389	.	.
S047_SZ20250522068WHB-0_gdna_genome_2537268_rna	S048_SZ20250621039WHB-2_gdna_genome_2537269_amp	8611	40013	83	83	18045108	24221044	280111	64486	0.9993157400174766	0.9953765887323365	0.015522822030214514	0.002662395559828056	0.1644996371940947	0.58017818769222	2.409E-7	0.006428677348354345	0.0040030142127860545	0.0659965444424884	0.044549860693662215	0.18543461208611095	0.011386720851458787	0.0017098947	0.0593953914944451	.	.
S047_SZ20250522068WHB-0_gdna_genome_2537268_rna	S048_SZ20250621039WHB-2_gdna_genome_2537269_rna	8611	40018	83	83	18045108	24200430	280111	64469	0.9993157400174766	0.9952876844382662	0.015522822030214514	0.0026639609296198463	0.16448671225695213	0.5820741691441755	2.409E-7	0.006430566958358624	0.004004129893619159	0.06574136872580025	0.04444015992730254	0.18514796636866485	0.01145046876189443	0.0017097186	0.05942667294406071	.	.
S048_SZ20250621039WHB-2_gdna_genome_2537269_amp	S048_SZ20250621039WHB-2_gdna_genome_2537269_rna	40013	40018	34020	34020	24221044	24200430	24216732	24199780	0.9953765887323365	0.9952876844382662	0.9998219729918478	0.9999731409732663	0.9999938102019862	0.9999045776591835	2.1246E-5	0.9998975541257946	0.9998776539391352	3.2694399587605364E-5	1.643774064689278E-5	1.0529122447086584E-4	8.750555366799933E-7	0.7393884071	0.9999940202829947	.	.
